 0.0000e+00  3.5184e-14  7.7443e-01  4.3382e-02  9.4673e-13  3.2446e-14  1.8039e-12  7.1607e-01  7.9923e-01  1.1720e-12  5.5772e-05  5.5772e-05  1.8000e+00 
 1.0000e-02  4.6048e-14  7.7443e-01  4.3382e-02  1.2390e-12  4.2140e-14  1.8103e-12  7.1607e-01  7.9334e-01  1.2011e-12  5.5407e-05  5.5407e-05  1.8000e+00 
 2.0000e-02  6.0265e-14  7.7443e-01  4.3382e-02  1.6216e-12  5.4727e-14  1.8185e-12  7.1607e-01  7.8746e-01  1.2320e-12  5.5037e-05  5.5037e-05  1.8000e+00 
 3.0000e-02  7.8872e-14  7.7443e-01  4.3382e-02  2.1222e-12  7.1069e-14  1.8321e-12  7.1607e-01  7.8158e-01  1.2673e-12  5.4661e-05  5.4661e-05  1.8000e+00 
 4.0000e-02  1.0322e-13  7.7443e-01  4.3382e-02  2.7774e-12  9.2284e-14  1.8504e-12  7.1607e-01  7.7571e-01  1.3067e-12  5.4280e-05  5.4280e-05  1.8000e+00 
 5.0000e-02  1.3509e-13  7.7443e-01  4.3382e-02  3.6348e-12  1.1982e-13  1.8765e-12  7.1607e-01  7.6983e-01  1.3526e-12  5.3895e-05  5.3895e-05  1.8000e+00 
 6.0000e-02  1.7680e-13  7.7443e-01  4.3382e-02  4.7569e-12  1.5557e-13  1.9108e-12  7.1607e-01  7.6396e-01  1.4059e-12  5.3504e-05  5.3504e-05  1.8000e+00 
 7.0000e-02  2.3138e-13  7.7443e-01  4.3382e-02  6.2253e-12  2.0197e-13  1.9586e-12  7.1607e-01  7.5809e-01  1.4707e-12  5.3107e-05  5.3107e-05  1.8000e+00 
 8.0000e-02  3.0281e-13  7.7443e-01  4.3382e-02  8.1469e-12  2.6219e-13  2.0229e-12  7.1607e-01  7.5221e-01  1.5501e-12  5.2706e-05  5.2706e-05  1.8000e+00 
 9.0000e-02  3.9629e-13  7.7443e-01  4.3382e-02  1.0662e-11  3.4034e-13  2.1083e-12  7.1607e-01  7.4634e-01  1.6485e-12  5.2300e-05  5.2300e-05  1.8000e+00 
 1.0000e-01  5.1862e-13  7.7443e-01  4.3382e-02  1.3952e-11  4.4175e-13  2.2229e-12  7.1607e-01  7.4047e-01  1.7734e-12  5.1888e-05  5.1888e-05  1.8000e+00 
 1.1000e-01  6.7871e-13  7.7443e-01  4.3382e-02  1.8258e-11  5.7333e-13  2.3737e-12  7.1607e-01  7.3459e-01  1.9320e-12  5.1472e-05  5.1472e-05  1.8000e+00 
 1.2000e-01  8.8821e-13  7.7443e-01  4.3382e-02  2.3893e-11  7.4404e-13  2.5745e-12  7.1607e-01  7.2871e-01  2.1377e-12  5.1050e-05  5.1050e-05  1.8000e+00 
 1.3000e-01  1.1624e-12  7.7443e-01  4.3382e-02  3.1266e-11  9.6550e-13  2.8397e-12  7.1607e-01  7.2283e-01  2.4054e-12  5.0624e-05  5.0624e-05  1.8000e+00 
 1.4000e-01  1.5211e-12  7.7443e-01  4.3382e-02  4.0913e-11  1.2528e-12  3.1893e-12  7.1607e-01  7.1694e-01  2.7556e-12  5.0193e-05  5.0193e-05  1.8000e+00 
 1.5000e-01  1.9905e-12  7.7443e-01  4.3382e-02  5.3536e-11  1.6253e-12  3.6502e-12  7.1607e-01  7.1105e-01  3.2168e-12  4.9757e-05  4.9757e-05  1.8000e+00 
 1.6000e-01  2.6047e-12  7.7443e-01  4.3382e-02  7.0051e-11  2.1085e-12  4.2554e-12  7.1607e-01  7.0516e-01  3.8247e-12  4.9316e-05  4.9316e-05  1.8000e+00 
 1.7000e-01  3.4085e-12  7.7443e-01  4.3382e-02  9.1657e-11  2.7351e-12  5.0503e-12  7.1607e-01  6.9925e-01  4.6293e-12  4.8870e-05  4.8870e-05  1.8000e+00 
 1.8000e-01  4.4600e-12  7.7443e-01  4.3382e-02  1.1992e-10  3.5475e-12  6.0934e-12  7.1607e-01  6.9335e-01  5.6960e-12  4.8420e-05  4.8420e-05  1.8000e+00 
 1.9000e-01  5.8359e-12  7.7443e-01  4.3382e-02  1.5690e-10  4.6007e-12  7.4625e-12  7.1607e-01  6.8743e-01  7.1136e-12  4.7965e-05  4.7965e-05  1.8000e+00 
 2.0000e-01  7.6359e-12  7.7443e-01  4.3382e-02  2.0527e-10  5.9660e-12  9.2545e-12  7.1607e-01  6.8151e-01  8.9957e-12  4.7505e-05  4.7505e-05  1.8000e+00 
 2.1000e-01  9.9907e-12  7.7443e-01  4.3382e-02  2.6853e-10  7.7353e-12  1.1603e-11  7.1607e-01  6.7558e-01  1.1501e-11  4.7041e-05  4.7041e-05  1.8000e+00 
 2.2000e-01  1.3071e-11  7.7443e-01  4.3382e-02  3.5126e-10  1.0028e-11  1.4679e-11  7.1607e-01  6.6963e-01  1.4834e-11  4.6573e-05  4.6573e-05  1.8000e+00 
 2.3000e-01  1.7101e-11  7.7443e-01  4.3382e-02  4.5946e-10  1.2999e-11  1.8705e-11  7.1607e-01  6.6368e-01  1.9274e-11  4.6100e-05  4.6100e-05  1.8000e+00 
 2.4000e-01  2.2371e-11  7.7443e-01  4.3382e-02  6.0093e-10  1.6847e-11  2.3973e-11  7.1607e-01  6.5772e-01  2.5187e-11  4.5623e-05  4.5623e-05  1.8000e+00 
 2.5000e-01  2.9264e-11  7.7443e-01  4.3382e-02  7.8588e-10  2.1832e-11  3.0866e-11  7.1607e-01  6.5175e-01  3.3063e-11  4.5141e-05  4.5141e-05  1.8000e+00 
 2.6000e-01  3.8278e-11  7.7443e-01  4.3382e-02  1.0276e-09  2.8286e-11  3.9882e-11  7.1607e-01  6.4576e-01  4.3555e-11  4.4656e-05  4.4656e-05  1.8000e+00 
 2.7000e-01  5.0064e-11  7.7443e-01  4.3382e-02  1.3436e-09  3.6643e-11  5.1673e-11  7.1607e-01  6.3976e-01  5.7535e-11  4.4166e-05  4.4166e-05  1.8000e+00 
 2.8000e-01  6.5472e-11  7.7443e-01  4.3382e-02  1.7565e-09  4.7459e-11  6.7091e-11  7.1607e-01  6.3375e-01  7.6160e-11  4.3672e-05  4.3672e-05  1.8000e+00 
 2.9000e-01  8.5614e-11  7.7443e-01  4.3382e-02  2.2959e-09  6.1455e-11  8.7246e-11  7.1607e-01  6.2772e-01  1.0098e-10  4.3174e-05  4.3174e-05  1.8000e+00 
 3.0000e-01  1.1194e-10  7.7443e-01  4.3382e-02  3.0003e-09  7.9561e-11  1.1359e-10  7.1607e-01  6.2168e-01  1.3403e-10  4.2673e-05  4.2673e-05  1.8000e+00 
 3.1000e-01  1.4634e-10  7.7443e-01  4.3382e-02  3.9200e-09  1.0298e-10  1.4801e-10  7.1607e-01  6.1562e-01  1.7806e-10  4.2167e-05  4.2167e-05  1.8000e+00 
 3.2000e-01  1.9127e-10  7.7443e-01  4.3383e-02  5.1204e-09  1.3325e-10  1.9298e-10  7.1607e-01  6.0954e-01  2.3671e-10  4.1658e-05  4.1658e-05  1.8000e+00 
 3.3000e-01  2.4996e-10  7.7443e-01  4.3383e-02  6.6865e-09  1.7237e-10  2.5172e-10  7.1607e-01  6.0345e-01  3.1480e-10  4.1145e-05  4.1145e-05  1.8000e+00 
 3.4000e-01  3.2659e-10  7.7443e-01  4.3384e-02  8.7289e-09  2.2291e-10  3.2840e-10  7.1607e-01  5.9734e-01  4.1875e-10  4.0629e-05  4.0629e-05  1.8000e+00 
 3.5000e-01  4.2660e-10  7.7443e-01  4.3384e-02  1.1391e-08  2.8818e-10  4.2850e-10  7.1607e-01  5.9121e-01  5.5711e-10  4.0109e-05  4.0109e-05  1.8000e+00 
 3.6000e-01  5.5708e-10  7.7443e-01  4.3385e-02  1.4859e-08  3.7241e-10  5.5908e-10  7.1607e-01  5.8506e-01  7.4120e-10  3.9586e-05  3.9586e-05  1.8000e+00 
 3.7000e-01  7.2725e-10  7.7443e-01  4.3386e-02  1.9373e-08  4.8106e-10  7.2938e-10  7.1607e-01  5.7888e-01  9.8604e-10  3.9059e-05  3.9059e-05  1.8000e+00 
 3.8000e-01  9.4906e-10  7.7443e-01  4.3387e-02  2.5246e-08  6.2113e-10  9.5136e-10  7.1607e-01  5.7269e-01  1.3116e-09  3.8529e-05  3.8529e-05  1.8000e+00 
 3.9000e-01  1.2380e-09  7.7443e-01  4.3389e-02  3.2878e-08  8.0158e-10  1.2405e-09  7.1607e-01  5.6648e-01  1.7441e-09  3.7996e-05  3.7996e-05  1.8000e+00 
 4.0000e-01  1.6142e-09  7.7443e-01  4.3392e-02  4.2789e-08  1.0339e-09  1.6170e-09  7.1607e-01  5.6024e-01  2.3187e-09  3.7459e-05  3.7459e-05  1.8000e+00 
 4.1000e-01  2.1036e-09  7.7443e-01  4.3395e-02  5.5643e-08  1.3327e-09  2.1067e-09  7.1607e-01  5.5398e-01  3.0812e-09  3.6920e-05  3.6920e-05  1.7999e+00 
 4.2000e-01  2.7396e-09  7.7443e-01  4.3398e-02  7.2294e-08  1.7167e-09  2.7433e-09  7.1607e-01  5.4769e-01  4.0927e-09  3.6378e-05  3.6378e-05  1.7999e+00 
 4.3000e-01  3.5656e-09  7.7443e-01  4.3404e-02  9.3832e-08  2.2097e-09  3.5699e-09  7.1607e-01  5.4138e-01  5.4331e-09  3.5832e-05  3.5832e-05  1.7999e+00 
 4.4000e-01  4.6370e-09  7.7443e-01  4.3410e-02  1.2165e-07  2.8420e-09  4.6421e-09  7.1607e-01  5.3505e-01  7.2078e-09  3.5284e-05  3.5284e-05  1.7999e+00 
 4.5000e-01  6.0251e-09  7.7443e-01  4.3419e-02  1.5751e-07  3.6518e-09  6.0312e-09  7.1607e-01  5.2869e-01  9.5552e-09  3.4732e-05  3.4732e-05  1.7998e+00 
 4.6000e-01  7.8209e-09  7.7443e-01  4.3430e-02  2.0363e-07  4.6875e-09  7.8283e-09  7.1606e-01  5.2230e-01  1.2656e-08  3.4177e-05  3.4177e-05  1.7998e+00 
 4.7000e-01  1.0141e-08  7.7443e-01  4.3444e-02  2.6284e-07  6.0102e-09  1.0150e-08  7.1606e-01  5.1588e-01  1.6747e-08  3.3619e-05  3.3619e-05  1.7997e+00 
 4.8000e-01  1.3132e-08  7.7443e-01  4.3462e-02  3.3863e-07  7.6964e-09  1.3143e-08  7.1606e-01  5.0944e-01  2.2136e-08  3.3058e-05  3.3058e-05  1.7996e+00 
 4.9000e-01  1.6981e-08  7.7443e-01  4.3486e-02  4.3536e-07  9.8420e-09  1.6995e-08  7.1606e-01  5.0297e-01  2.9222e-08  3.2493e-05  3.2493e-05  1.7995e+00 
 5.0000e-01  2.1924e-08  7.7443e-01  4.3516e-02  5.5844e-07  1.2567e-08  2.1941e-08  7.1605e-01  4.9646e-01  3.8521e-08  3.1924e-05  3.1924e-05  1.7993e+00 
 5.1000e-01  2.8255e-08  7.7443e-01  4.3555e-02  7.1444e-07  1.6018e-08  2.8277e-08  7.1604e-01  4.8993e-01  5.0699e-08  3.1350e-05  3.1350e-05  1.7991e+00 
 5.2000e-01  3.6341e-08  7.7443e-01  4.3605e-02  9.1139e-07  2.0380e-08  3.6369e-08  7.1604e-01  4.8337e-01  6.6608e-08  3.0771e-05  3.0771e-05  1.7988e+00 
 5.3000e-01  4.6637e-08  7.7443e-01  4.3668e-02  1.1589e-06  2.5875e-08  4.6672e-08  7.1602e-01  4.7678e-01  8.7335e-08  3.0186e-05  3.0186e-05  1.7985e+00 
 5.4000e-01  5.9703e-08  7.7443e-01  4.3749e-02  1.4685e-06  3.2779e-08  5.9748e-08  7.1601e-01  4.7016e-01  1.1426e-07  2.9593e-05  2.9593e-05  1.7980e+00 
 5.5000e-01  7.6221e-08  7.7443e-01  4.3850e-02  1.8534e-06  4.1421e-08  7.6277e-08  7.1599e-01  4.6351e-01  1.4913e-07  2.8991e-05  2.8991e-05  1.7974e+00 
 5.6000e-01  9.7016e-08  7.7443e-01  4.3978e-02  2.3294e-06  5.2200e-08  9.7086e-08  7.1597e-01  4.5683e-01  1.9412e-07  2.8379e-05  2.8379e-05  1.7966e+00 
 5.7000e-01  1.2308e-07  7.7443e-01  4.4138e-02  2.9141e-06  6.5590e-08  1.2316e-07  7.1594e-01  4.5012e-01  2.5195e-07  2.7753e-05  2.7753e-05  1.7956e+00 
 5.8000e-01  1.5557e-07  7.7443e-01  4.4338e-02  3.6273e-06  8.2149e-08  1.5568e-07  7.1590e-01  4.4338e-01  3.2598e-07  2.7112e-05  2.7112e-05  1.7943e+00 
 5.9000e-01  1.9587e-07  7.7443e-01  4.4586e-02  4.4905e-06  1.0253e-07  1.9601e-07  7.1585e-01  4.3662e-01  4.2035e-07  2.6451e-05  2.6451e-05  1.7926e+00 
 6.0000e-01  2.4557e-07  7.7443e-01  4.4891e-02  5.5270e-06  1.2749e-07  2.4574e-07  7.1579e-01  4.2983e-01  5.4010e-07  2.5765e-05  2.5765e-05  1.7906e+00 
 6.1000e-01  3.0645e-07  7.7443e-01  4.5265e-02  6.7608e-06  1.5787e-07  3.0666e-07  7.1571e-01  4.2302e-01  6.9132e-07  2.5050e-05  2.5050e-05  1.7879e+00 
 6.2000e-01  3.8056e-07  7.7443e-01  4.5720e-02  8.2160e-06  1.9465e-07  3.8081e-07  7.1561e-01  4.1619e-01  8.8139e-07  2.4299e-05  2.4299e-05  1.7846e+00 
 6.3000e-01  4.7010e-07  7.7443e-01  4.6271e-02  9.9157e-06  2.3889e-07  4.7040e-07  7.1548e-01  4.0934e-01  1.1191e-06  2.3504e-05  2.3504e-05  1.7804e+00 
 6.4000e-01  5.7747e-07  7.7443e-01  4.6931e-02  1.1881e-05  2.9174e-07  5.7783e-07  7.1532e-01  4.0247e-01  1.4150e-06  2.2655e-05  2.2655e-05  1.7752e+00 
 6.5000e-01  7.0519e-07  7.7443e-01  4.7717e-02  1.4130e-05  3.5442e-07  7.0561e-07  7.1513e-01  3.9560e-01  1.7817e-06  2.1743e-05  2.1743e-05  1.7687e+00 
 6.6000e-01  8.5581e-07  7.7443e-01  4.8645e-02  1.6674e-05  4.2822e-07  8.5630e-07  7.1488e-01  3.8873e-01  2.2343e-06  2.0752e-05  2.0752e-05  1.7607e+00 
 6.7000e-01  1.0318e-06  7.7443e-01  4.9732e-02  1.9520e-05  5.1444e-07  1.0324e-06  7.1458e-01  3.8187e-01  2.7909e-06  1.9667e-05  1.9667e-05  1.7507e+00 
 6.8000e-01  1.2355e-06  7.7443e-01  5.0995e-02  2.2663e-05  6.1434e-07  1.2361e-06  7.1421e-01  3.7502e-01  3.4741e-06  1.8467e-05  1.8467e-05  1.7384e+00 
 6.9000e-01  1.4688e-06  7.7444e-01  5.2450e-02  2.6090e-05  7.2915e-07  1.4694e-06  7.1375e-01  3.6821e-01  4.3120e-06  1.7125e-05  1.7125e-05  1.7231e+00 
 7.0000e-01  1.7327e-06  7.7444e-01  5.4111e-02  2.9774e-05  8.5995e-07  1.7334e-06  7.1317e-01  3.6145e-01  5.3419e-06  1.5606e-05  1.5606e-05  1.7040e+00 
 7.1000e-01  2.0272e-06  7.7444e-01  5.5990e-02  3.3667e-05  1.0077e-06  2.0279e-06  7.1245e-01  3.5477e-01  6.6161e-06  1.3859e-05  1.3859e-05  1.6800e+00 
 7.2000e-01  2.3502e-06  7.7444e-01  5.8099e-02  3.7695e-05  1.1731e-06  2.3508e-06  7.1151e-01  3.4822e-01  8.2143e-06  1.1806e-05  1.1806e-05  1.6490e+00 
 7.3000e-01  2.6948e-06  7.7444e-01  6.0446e-02  4.1730e-05  1.3566e-06  2.6954e-06  7.1026e-01  3.4187e-01  1.0276e-05  9.3101e-06  9.3101e-06  1.6076e+00 
 7.4000e-01  3.0429e-06  7.7444e-01  6.3033e-02  4.5510e-05  1.5582e-06  3.0433e-06  7.0843e-01  3.3593e-01  1.3070e-05  6.1366e-06  6.1366e-06  1.5471e+00 
 7.5000e-01  3.3351e-06  7.7444e-01  6.5861e-02  4.8288e-05  1.7774e-06  3.3353e-06  7.0522e-01  3.3102e-01  1.6521e-05  2.7384e-06  2.7384e-06  1.4410e+00 
 7.6000e-01  3.5067e-06  7.7444e-01  6.8928e-02  4.9408e-05  2.0131e-06  3.5068e-06  7.0016e-01  3.2750e-01  1.8355e-05  1.7314e-06  1.7314e-06  1.2735e+00 
 7.7000e-01  3.6079e-06  7.7444e-01  7.2227e-02  4.9709e-05  2.2661e-06  3.6079e-06  6.9458e-01  3.2436e-01  1.9316e-05  1.4440e-06  1.4440e-06  1.0889e+00 
 7.8000e-01  3.6621e-06  7.7444e-01  7.5749e-02  4.9599e-05  2.5377e-06  3.6621e-06  6.8901e-01  3.2121e-01  1.9925e-05  1.2874e-06  1.2874e-06  9.0446e-01 
 7.9000e-01  3.6801e-06  7.7444e-01  7.9481e-02  4.9275e-05  2.8315e-06  3.6801e-06  6.8364e-01  3.1790e-01  2.0304e-05  1.1864e-06  1.1864e-06  7.2675e-01 
 8.0000e-01  3.6688e-06  7.7444e-01  8.3407e-02  4.8845e-05  3.1595e-06  3.6688e-06  6.7857e-01  3.1435e-01  2.0517e-05  1.1144e-06  1.1144e-06  5.5886e-01 
 8.1000e-01  3.6325e-06  7.7444e-01  8.7509e-02  4.8323e-05  3.5613e-06  3.6325e-06  6.7385e-01  3.1051e-01  2.0596e-05  1.0588e-06  1.0588e-06  4.0288e-01 
 8.2000e-01  3.5722e-06  7.7444e-01  9.1767e-02  4.7517e-05  4.2211e-06  3.5722e-06  6.6961e-01  3.0630e-01  2.0557e-05  1.0132e-06  1.0132e-06  2.6238e-01 
 8.3000e-01  3.4786e-06  7.7445e-01  9.6161e-02  4.5288e-05  6.5824e-06  3.4786e-06  6.6623e-01  3.0142e-01  2.0366e-05  9.7341e-07  9.7341e-07  1.5058e-01 
 8.4000e-01  3.3319e-06  7.7445e-01  1.0067e-01  3.9300e-05  1.6136e-05  3.3319e-06  6.6449e-01  2.9524e-01  1.9946e-05  9.3612e-07  9.3612e-07  9.3133e-02 
 8.5000e-01  3.1578e-06  7.7445e-01  1.0527e-01  3.3138e-05  2.8569e-05  3.1578e-06  6.6375e-01  2.8829e-01  1.9394e-05  8.9951e-07  8.9951e-07  6.8503e-02 
 8.6000e-01  2.9794e-06  7.7445e-01  1.0994e-01  2.8335e-05  3.9807e-05  2.9794e-06  6.6332e-01  2.8107e-01  1.8796e-05  8.6340e-07  8.6340e-07  5.4199e-02 
 8.7000e-01  2.8029e-06  7.7445e-01  1.1465e-01  2.4482e-05  5.0015e-05  2.8029e-06  6.6302e-01  2.7373e-01  1.8178e-05  8.2779e-07  8.2779e-07  4.4357e-02 
 8.8000e-01  2.6302e-06  7.7445e-01  1.1939e-01  2.1282e-05  5.9544e-05  2.6302e-06  6.6280e-01  2.6632e-01  1.7547e-05  7.9265e-07  7.9265e-07  3.7013e-02 
 8.9000e-01  2.4624e-06  7.7445e-01  1.2415e-01  1.8565e-05  6.8609e-05  2.4624e-06  6.6262e-01  2.5886e-01  1.6906e-05  7.5800e-07  7.5800e-07  3.1278e-02 
 9.0000e-01  2.3000e-06  7.7445e-01  1.2890e-01  1.6227e-05  7.7339e-05  2.3000e-06  6.6248e-01  2.5137e-01  1.6259e-05  7.2384e-07  7.2384e-07  2.6664e-02 
 9.1000e-01  2.1434e-06  7.7445e-01  1.3363e-01  1.4197e-05  8.5811e-05  2.1433e-06  6.6237e-01  2.4386e-01  1.5606e-05  6.9015e-07  6.9015e-07  2.2876e-02 
 9.2000e-01  1.9927e-06  7.7445e-01  1.3833e-01  1.2426e-05  9.4077e-05  1.9927e-06  6.6227e-01  2.3635e-01  1.4950e-05  6.5697e-07  6.5697e-07  1.9720e-02 
 9.3000e-01  1.8482e-06  7.7445e-01  1.4300e-01  1.0876e-05  1.0217e-04  1.8482e-06  6.6219e-01  2.2884e-01  1.4291e-05  6.2428e-07  6.2428e-07  1.7058e-02 
 9.4000e-01  1.7100e-06  7.7445e-01  1.4762e-01  9.5145e-06  1.1011e-04  1.7100e-06  6.6212e-01  2.2134e-01  1.3631e-05  5.9212e-07  5.9212e-07  1.4795e-02 
 9.5000e-01  1.5781e-06  7.7445e-01  1.5218e-01  8.3180e-06  1.1791e-04  1.5781e-06  6.6207e-01  2.1386e-01  1.2971e-05  5.6050e-07  5.6050e-07  1.2855e-02 
 9.6000e-01  1.4526e-06  7.7445e-01  1.5669e-01  7.2654e-06  1.2559e-04  1.4526e-06  6.6202e-01  2.0642e-01  1.2312e-05  5.2943e-07  5.2943e-07  1.1184e-02 
 9.7000e-01  1.3335e-06  7.7445e-01  1.6113e-01  6.3391e-06  1.3315e-04  1.3335e-06  6.6197e-01  1.9902e-01  1.1655e-05  4.9896e-07  4.9896e-07  9.7375e-03 
 9.8000e-01  1.2208e-06  7.7445e-01  1.6551e-01  5.5239e-06  1.4060e-04  1.2208e-06  6.6193e-01  1.9168e-01  1.1003e-05  4.6911e-07  4.6911e-07  8.4807e-03 
 9.9000e-01  1.1145e-06  7.7445e-01  1.6983e-01  4.8069e-06  1.4795e-04  1.1145e-06  6.6190e-01  1.8440e-01  1.0356e-05  4.3991e-07  4.3991e-07  7.3857e-03 
 1.0000e+00  1.0146e-06  7.7445e-01  1.7407e-01  4.1765e-06  1.5519e-04  1.0146e-06  6.6187e-01  1.7721e-01  9.7169e-06  4.1142e-07  4.1142e-07  6.4298e-03 
 1.0100e+00  9.2092e-07  7.7445e-01  1.7825e-01  3.6228e-06  1.6234e-04  9.2091e-07  6.6185e-01  1.7012e-01  9.0870e-06  3.8368e-07  3.8368e-07  5.5940e-03 
 1.0200e+00  8.3342e-07  7.7445e-01  1.8236e-01  3.1371e-06  1.6939e-04  8.3342e-07  6.6182e-01  1.6314e-01  8.4685e-06  3.5673e-07  3.5673e-07  4.8626e-03 
 1.0300e+00  7.5200e-07  7.7445e-01  1.8640e-01  2.7116e-06  1.7635e-04  7.5199e-07  6.6180e-01  1.5628e-01  7.8634e-06  3.3063e-07  3.3063e-07  4.2223e-03 
 1.0400e+00  6.7650e-07  7.7445e-01  1.9038e-01  2.3395e-06  1.8322e-04  6.7650e-07  6.6179e-01  1.4957e-01  7.2739e-06  3.0545e-07  3.0545e-07  3.6619e-03 
 1.0500e+00  6.0678e-07  7.7445e-01  1.9429e-01  2.0146e-06  1.9000e-04  6.0678e-07  6.6177e-01  1.4302e-01  6.7022e-06  2.8122e-07  2.8122e-07  3.1715e-03 
 1.0600e+00  5.4265e-07  7.7445e-01  1.9814e-01  1.7314e-06  1.9669e-04  5.4265e-07  6.6176e-01  1.3664e-01  6.1506e-06  2.5802e-07  2.5802e-07  2.7429e-03 
 1.0700e+00  4.8391e-07  7.7445e-01  2.0193e-01  1.4853e-06  2.0331e-04  4.8390e-07  6.6175e-01  1.3045e-01  5.6212e-06  2.3589e-07  2.3589e-07  2.3686e-03 
 1.0800e+00  4.3032e-07  7.7445e-01  2.0566e-01  1.2718e-06  2.0984e-04  4.3031e-07  6.6174e-01  1.2448e-01  5.1158e-06  2.1488e-07  2.1488e-07  2.0424e-03 
 1.0900e+00  3.8164e-07  7.7445e-01  2.0933e-01  1.0870e-06  2.1629e-04  3.8163e-07  6.6173e-01  1.1872e-01  4.6363e-06  1.9503e-07  1.9503e-07  1.7586e-03 
 1.1000e+00  3.3760e-07  7.7445e-01  2.1294e-01  9.2750e-07  2.2267e-04  3.3760e-07  6.6172e-01  1.1320e-01  4.1842e-06  1.7638e-07  1.7638e-07  1.5120e-03 
 1.1100e+00  2.9794e-07  7.7445e-01  2.1650e-01  7.9016e-07  2.2897e-04  2.9794e-07  6.6172e-01  1.0793e-01  3.7606e-06  1.5895e-07  1.5895e-07  1.2983e-03 
 1.1200e+00  2.6236e-07  7.7445e-01  2.2001e-01  6.7219e-07  2.3520e-04  2.6235e-07  6.6171e-01  1.0292e-01  3.3664e-06  1.4275e-07  1.4275e-07  1.1134e-03 
 1.1300e+00  2.3056e-07  7.7445e-01  2.2347e-01  5.7112e-07  2.4136e-04  2.3056e-07  6.6171e-01  9.8172e-02  3.0018e-06  1.2777e-07  1.2777e-07  9.5385e-04 
 1.1400e+00  2.0226e-07  7.7445e-01  2.2688e-01  4.8472e-07  2.4745e-04  2.0226e-07  6.6170e-01  9.3695e-02  2.6670e-06  1.1401e-07  1.1401e-07  8.1642e-04 
 1.1500e+00  1.7716e-07  7.7445e-01  2.3025e-01  4.1103e-07  2.5347e-04  1.7715e-07  6.6170e-01  8.9492e-02  2.3613e-06  1.0143e-07  1.0143e-07  6.9827e-04 
 1.1600e+00  1.5496e-07  7.7445e-01  2.3357e-01  3.4830e-07  2.5943e-04  1.5496e-07  6.6169e-01  8.5563e-02  2.0842e-06  8.9987e-08  8.9987e-08  5.9689e-04 
 1.1700e+00  1.3540e-07  7.7445e-01  2.3685e-01  2.9500e-07  2.6532e-04  1.3540e-07  6.6169e-01  8.1907e-02  1.8343e-06  7.9641e-08  7.9641e-08  5.1005e-04 
 1.1800e+00  1.1820e-07  7.7445e-01  2.4008e-01  2.4978e-07  2.7115e-04  1.1820e-07  6.6169e-01  7.8518e-02  1.6104e-06  7.0329e-08  7.0329e-08  4.3576e-04 
 1.1900e+00  1.0312e-07  7.7445e-01  2.4328e-01  2.1147e-07  2.7691e-04  1.0312e-07  6.6169e-01  7.5391e-02  1.4107e-06  6.1985e-08  6.1985e-08  3.7229e-04 
 1.2000e+00  8.9919e-08  7.7445e-01  2.4644e-01  1.7905e-07  2.8262e-04  8.9918e-08  6.6169e-01  7.2516e-02  1.2335e-06  5.4540e-08  5.4540e-08  3.1811e-04 
 1.2100e+00  7.8385e-08  7.7445e-01  2.4957e-01  1.5163e-07  2.8827e-04  7.8384e-08  6.6168e-01  6.9884e-02  1.0770e-06  4.7922e-08  4.7922e-08  2.7190e-04 
 1.2200e+00  6.8321e-08  7.7445e-01  2.5266e-01  1.2845e-07  2.9386e-04  6.8320e-08  6.6168e-01  6.7482e-02  9.3921e-07  4.2058e-08  4.2058e-08  2.3250e-04 
 1.2300e+00  5.9548e-08  7.7445e-01  2.5572e-01  1.0886e-07  2.9939e-04  5.9547e-08  6.6168e-01  6.5298e-02  8.1835e-07  3.6878e-08  3.6878e-08  1.9891e-04 
 1.2400e+00  5.1906e-08  7.7445e-01  2.5874e-01  9.2310e-08  3.0487e-04  5.1905e-08  6.6168e-01  6.3319e-02  7.1262e-07  3.2312e-08  3.2312e-08  1.7028e-04 
 1.2500e+00  4.5252e-08  7.7445e-01  2.6174e-01  7.8322e-08  3.1029e-04  4.5251e-08  6.6168e-01  6.1531e-02  6.2033e-07  2.8296e-08  2.8296e-08  1.4587e-04 
 1.2600e+00  3.9461e-08  7.7445e-01  2.6471e-01  6.6495e-08  3.1566e-04  3.9460e-08  6.6168e-01  5.9920e-02  5.3992e-07  2.4770e-08  2.4770e-08  1.2504e-04 
 1.2700e+00  3.4420e-08  7.7445e-01  2.6765e-01  5.6492e-08  3.2097e-04  3.4419e-08  6.6168e-01  5.8471e-02  4.6995e-07  2.1678e-08  2.1678e-08  1.0727e-04 
 1.2800e+00  3.0032e-08  7.7445e-01  2.7057e-01  4.8025e-08  3.2623e-04  3.0031e-08  6.6168e-01  5.7173e-02  4.0913e-07  1.8970e-08  1.8970e-08  9.2088e-05 
 1.2900e+00  2.6211e-08  7.7445e-01  2.7346e-01  4.0854e-08  3.3143e-04  2.6210e-08  6.6168e-01  5.6011e-02  3.5628e-07  1.6599e-08  1.6599e-08  7.9112e-05 
 1.3000e+00  2.2884e-08  7.7445e-01  2.7633e-01  3.4776e-08  3.3658e-04  2.2883e-08  6.6168e-01  5.4974e-02  3.1037e-07  1.4524e-08  1.4524e-08  6.8013e-05 
 1.3100e+00  1.9984e-08  7.7445e-01  2.7917e-01  2.9620e-08  3.4168e-04  1.9983e-08  6.6168e-01  5.4050e-02  2.7050e-07  1.2710e-08  1.2710e-08  5.8510e-05 
 1.3200e+00  1.7456e-08  7.7445e-01  2.8200e-01  2.5243e-08  3.4673e-04  1.7455e-08  6.6168e-01  5.3227e-02  2.3587e-07  1.1123e-08  1.1123e-08  5.0366e-05 
 1.3300e+00  1.5252e-08  7.7445e-01  2.8480e-01  2.1524e-08  3.5173e-04  1.5251e-08  6.6168e-01  5.2496e-02  2.0577e-07  9.7358e-09  9.7358e-09  4.3381e-05 
 1.3400e+00  1.3328e-08  7.7445e-01  2.8758e-01  1.8362e-08  3.5667e-04  1.3327e-08  6.6168e-01  5.1848e-02  1.7961e-07  8.5224e-09  8.5224e-09  3.7384e-05 
 1.3500e+00  1.1648e-08  7.7445e-01  2.9035e-01  1.5670e-08  3.6156e-04  1.1648e-08  6.6168e-01  5.1273e-02  1.5684e-07  7.4611e-09  7.4611e-09  3.2231e-05 
 1.3600e+00  1.0181e-08  7.7445e-01  2.9310e-01  1.3378e-08  3.6641e-04  1.0180e-08  6.6168e-01  5.0764e-02  1.3703e-07  6.5326e-09  6.5326e-09  2.7800e-05 
 1.3700e+00  8.8992e-09  7.7445e-01  2.9583e-01  1.1424e-08  3.7120e-04  8.8984e-09  6.6168e-01  5.0313e-02  1.1978e-07  5.7202e-09  5.7202e-09  2.3986e-05 
 1.3800e+00  7.7783e-09  7.7445e-01  2.9854e-01  9.7572e-09  3.7595e-04  7.7775e-09  6.6168e-01  4.9915e-02  1.0474e-07  5.0092e-09  5.0092e-09  2.0700e-05 
 1.3900e+00  6.7980e-09  7.7445e-01  3.0124e-01  8.3350e-09  3.8064e-04  6.7971e-09  6.6168e-01  4.9564e-02  9.1630e-08  4.3866e-09  4.3866e-09  1.7868e-05 
 1.4000e+00  5.9402e-09  7.7445e-01  3.0393e-01  7.1205e-09  3.8529e-04  5.9394e-09  6.6168e-01  4.9254e-02  8.0186e-08  3.8415e-09  3.8415e-09  1.5426e-05 
 1.4100e+00  5.1894e-09  7.7445e-01  3.0660e-01  6.0829e-09  3.8988e-04  5.1886e-09  6.6168e-01  4.8980e-02  7.0194e-08  3.3640e-09  3.3640e-09  1.3317e-05 
 1.4200e+00  4.5321e-09  7.7445e-01  3.0926e-01  5.1959e-09  3.9443e-04  4.5313e-09  6.6168e-01  4.8739e-02  6.1463e-08  2.9456e-09  2.9456e-09  1.1496e-05 
 1.4300e+00  3.9565e-09  7.7445e-01  3.1190e-01  4.4373e-09  3.9893e-04  3.9557e-09  6.6168e-01  4.8527e-02  5.3831e-08  2.5790e-09  2.5790e-09  9.9232e-06 
 1.4400e+00  3.4523e-09  7.7445e-01  3.1454e-01  3.7884e-09  4.0338e-04  3.4515e-09  6.6168e-01  4.8340e-02  4.7154e-08  2.2576e-09  2.2576e-09  8.5632e-06 
 1.4500e+00  3.0107e-09  7.7445e-01  3.1716e-01  3.2331e-09  4.0779e-04  3.0098e-09  6.6168e-01  4.8175e-02  4.1311e-08  1.9758e-09  1.9758e-09  7.3871e-06 
 1.4600e+00  2.6237e-09  7.7445e-01  3.1977e-01  2.7579e-09  4.1214e-04  2.6229e-09  6.6168e-01  4.8030e-02  3.6194e-08  1.7287e-09  1.7287e-09  6.3696e-06 
 1.4700e+00  2.2847e-09  7.7445e-01  3.2238e-01  2.3510e-09  4.1645e-04  2.2838e-09  6.6168e-01  4.7903e-02  3.1712e-08  1.5119e-09  1.5119e-09  5.4892e-06 
 1.4800e+00  1.9876e-09  7.7445e-01  3.2497e-01  2.0026e-09  4.2071e-04  1.9868e-09  6.6168e-01  4.7791e-02  2.7783e-08  1.3218e-09  1.3218e-09  4.7271e-06 
 1.4900e+00  1.7274e-09  7.7445e-01  3.2756e-01  1.7044e-09  4.2493e-04  1.7266e-09  6.6168e-01  4.7693e-02  2.4337e-08  1.1550e-09  1.1550e-09  4.0675e-06 
 1.5000e+00  1.4995e-09  7.7445e-01  3.3013e-01  1.4491e-09  4.2910e-04  1.4986e-09  6.6168e-01  4.7606e-02  2.1314e-08  1.0086e-09  1.0086e-09  3.4966e-06 
 1.5100e+00  1.2999e-09  7.7445e-01  3.3270e-01  1.2305e-09  4.3323e-04  1.2991e-09  6.6168e-01  4.7531e-02  1.8660e-08  8.8011e-10  8.8011e-10  3.0023e-06 
 1.5200e+00  1.1252e-09  7.7445e-01  3.3527e-01  1.0436e-09  4.3730e-04  1.1244e-09  6.6168e-01  4.7464e-02  1.6329e-08  7.6736e-10  7.6736e-10  2.5746e-06 
 1.5300e+00  9.7240e-10  7.7445e-01  3.3782e-01  8.8365e-10  4.4134e-04  9.7153e-10  6.6168e-01  4.7406e-02  1.4282e-08  6.6840e-10  6.6840e-10  2.2046e-06 
 1.5400e+00  8.3878e-10  7.7445e-01  3.4037e-01  7.4696e-10  4.4533e-04  8.3791e-10  6.6168e-01  4.7355e-02  1.2481e-08  5.8154e-10  5.8154e-10  1.8847e-06 
 1.5500e+00  7.2206e-10  7.7445e-01  3.4291e-01  6.3022e-10  4.4927e-04  7.2119e-10  6.6168e-01  4.7310e-02  1.0898e-08  5.0531e-10  5.0531e-10  1.6082e-06 
 1.5600e+00  6.2020e-10  7.7445e-01  3.4545e-01  5.3061e-10  4.5317e-04  6.1932e-10  6.6168e-01  4.7271e-02  9.5046e-09  4.3842e-10  4.3842e-10  1.3694e-06 
 1.5700e+00  5.3143e-10  7.7445e-01  3.4798e-01  4.4572e-10  4.5702e-04  5.3054e-10  6.6168e-01  4.7237e-02  8.2784e-09  3.7974e-10  3.7974e-10  1.1635e-06 
 1.5800e+00  4.5416e-10  7.7445e-01  3.5051e-01  3.7346e-10  4.6084e-04  4.5327e-10  6.6168e-01  4.7208e-02  7.1987e-09  3.2828e-10  3.2828e-10  9.8615e-07 
 1.5900e+00  3.8704e-10  7.7445e-01  3.5303e-01  3.1207e-10  4.6460e-04  3.8613e-10  6.6168e-01  4.7182e-02  6.2482e-09  2.8318e-10  2.8318e-10  8.3359e-07 
 1.6000e+00  3.2884e-10  7.7445e-01  3.5555e-01  2.6002e-10  4.6833e-04  3.2792e-10  6.6168e-01  4.7159e-02  5.4113e-09  2.4368e-10  2.4368e-10  7.0261e-07 
 1.6100e+00  2.7850e-10  7.7445e-01  3.5807e-01  2.1597e-10  4.7201e-04  2.7757e-10  6.6168e-01  4.7140e-02  4.6749e-09  2.0914e-10  2.0914e-10  5.9041e-07 
 1.6200e+00  2.3507e-10  7.7445e-01  3.6058e-01  1.7880e-10  4.7565e-04  2.3413e-10  6.6168e-01  4.7123e-02  4.0273e-09  1.7896e-10  1.7896e-10  4.9453e-07 
 1.6300e+00  1.9771e-10  7.7445e-01  3.6309e-01  1.4752e-10  4.7925e-04  1.9676e-10  6.6168e-01  4.7109e-02  3.4585e-09  1.5264e-10  1.5264e-10  4.1282e-07 
 1.6400e+00  1.6569e-10  7.7445e-01  3.6560e-01  1.2128e-10  4.8280e-04  1.6473e-10  6.6168e-01  4.7097e-02  2.9598e-09  1.2974e-10  1.2974e-10  3.4341e-07 
 1.6500e+00  1.3833e-10  7.7445e-01  3.6810e-01  9.9341e-11  4.8631e-04  1.3736e-10  6.6168e-01  4.7086e-02  2.5234e-09  1.0986e-10  1.0986e-10  2.8464e-07 
 1.6600e+00  1.1506e-10  7.7445e-01  3.7060e-01  8.1073e-11  4.8979e-04  1.1408e-10  6.6168e-01  4.7077e-02  2.1426e-09  9.2658e-11  9.2658e-11  2.3508e-07 
 1.6700e+00  9.5341e-11  7.7445e-01  3.7310e-01  6.5921e-11  4.9322e-04  9.4344e-11  6.6168e-01  4.7070e-02  1.8114e-09  7.7825e-11  7.7825e-11  1.9344e-07 
 1.6800e+00  7.8711e-11  7.7445e-01  3.7560e-01  5.3406e-11  4.9661e-04  7.7699e-11  6.6168e-01  4.7063e-02  1.5245e-09  6.5082e-11  6.5082e-11  1.5861e-07 
 1.6900e+00  6.4749e-11  7.7445e-01  3.7810e-01  4.3117e-11  4.9996e-04  6.3723e-11  6.6168e-01  4.7058e-02  1.2770e-09  5.4183e-11  5.4183e-11  1.2960e-07 
 1.7000e+00  5.3085e-11  7.7445e-01  3.8060e-01  3.4695e-11  5.0327e-04  5.2043e-11  6.6168e-01  4.7053e-02  1.0645e-09  4.4904e-11  4.4904e-11  1.0555e-07 
 1.7100e+00  4.3388e-11  7.7445e-01  3.8309e-01  2.7834e-11  5.0654e-04  4.2330e-11  6.6168e-01  4.7050e-02  8.8301e-10  3.7044e-11  3.7044e-11  8.5716e-08 
 1.7200e+00  3.5367e-11  7.7445e-01  3.8559e-01  2.2271e-11  5.0976e-04  3.4292e-11  6.6168e-01  4.7047e-02  7.2889e-10  3.0419e-11  3.0419e-11  6.9427e-08 
 1.7300e+00  2.8765e-11  7.7445e-01  3.8808e-01  1.7781e-11  5.1296e-04  2.7672e-11  6.6168e-01  4.7044e-02  5.9874e-10  2.4867e-11  2.4867e-11  5.6117e-08 
 1.7400e+00  2.3358e-11  7.7445e-01  3.9058e-01  1.4175e-11  5.1611e-04  2.2247e-11  6.6168e-01  4.7042e-02  4.8949e-10  2.0237e-11  2.0237e-11  4.5291e-08 
 1.7500e+00  1.8953e-11  7.7445e-01  3.9307e-01  1.1292e-11  5.1922e-04  1.7822e-11  6.6168e-01  4.7040e-02  3.9832e-10  1.6399e-11  1.6399e-11  3.6528e-08 
 1.7600e+00  1.5380e-11  7.7445e-01  3.9557e-01  8.9967e-12  5.2229e-04  1.4229e-11  6.6168e-01  4.7039e-02  3.2268e-10  1.3234e-11  1.3234e-11  2.9468e-08 
 1.7700e+00  1.2496e-11  7.7445e-01  3.9807e-01  7.1773e-12  5.2533e-04  1.1324e-11  6.6168e-01  4.7038e-02  2.6029e-10  1.0638e-11  1.0638e-11  2.3804e-08 
 1.7800e+00  1.0179e-11  7.7445e-01  4.0056e-01  5.7410e-12  5.2833e-04  8.9859e-12  6.6168e-01  4.7037e-02  2.0912e-10  8.5190e-12  8.5190e-12  1.9281e-08 
 1.7900e+00  8.3266e-12  7.7445e-01  4.0306e-01  4.6115e-12  5.3129e-04  7.1106e-12  6.6168e-01  4.7036e-02  1.6737e-10  6.7983e-12  6.7983e-12  1.5684e-08 
 1.8000e+00  6.8519e-12  7.7445e-01  4.0556e-01  3.7265e-12  5.3421e-04  5.6123e-12  6.6168e-01  4.7035e-02  1.3348e-10  5.4074e-12  5.4074e-12  1.2836e-08 
