 0.0000e+00  1.1086e-12  6.0953e-01  4.0533e-02  2.9762e-11  9.6666e-12  2.1273e-13  9.8963e-15 -9.1158e-17 -6.0786e-17 -9.7444e-15  3.5559e-16 -4.4247e-19 -2.6399e-16  2.3710e-16 -2.8946e-19 -1.7603e-16 -2.4665e-16  3.2454e-19 -9.6500e-15  4.0739e-19 -3.4604e-16  1.0090e-14  6.6470e-15  3.6548e-15 
 1.0000e-02  1.4500e-12  6.0953e-01  4.0533e-02  3.8927e-11  1.2571e-11  2.7818e-13  9.8286e-15 -9.7483e-17 -6.5004e-17 -9.6662e-15  3.8176e-16 -4.7529e-19 -2.8380e-16  2.5455e-16 -3.1096e-19 -1.8924e-16 -2.6490e-16  3.4742e-19 -9.5641e-15  4.3883e-19 -3.7142e-16  1.0037e-14  6.6470e-15  3.6548e-15 
 2.0000e-02  1.8965e-12  6.0953e-01  4.0533e-02  5.0912e-11  1.6347e-11  3.6377e-13  9.7628e-15 -1.0431e-16 -6.9554e-17 -9.5890e-15  4.1011e-16 -5.1085e-19 -3.0529e-16  2.7346e-16 -3.3424e-19 -2.0357e-16 -2.8428e-16  3.7173e-19 -9.4789e-15  4.7336e-19 -3.9928e-16  9.9878e-15  6.6470e-15  3.6548e-15 
 3.0000e-02  2.4805e-12  6.0953e-01  4.0533e-02  6.6587e-11  2.1257e-11  4.7569e-13  9.6989e-15 -1.1167e-16 -7.4466e-17 -9.5128e-15  4.4082e-16 -5.4940e-19 -3.2860e-16  2.9394e-16 -3.5949e-19 -2.1911e-16 -3.0485e-16  3.9756e-19 -9.3945e-15  5.1133e-19 -4.2991e-16  9.9422e-15  6.6470e-15  3.6548e-15 
 4.0000e-02  3.2443e-12  6.0953e-01  4.0533e-02  8.7087e-11  2.7640e-11  6.2203e-13  9.6368e-15 -1.1963e-16 -7.9771e-17 -9.4374e-15  4.7412e-16 -5.9121e-19 -3.5390e-16  3.1614e-16 -3.8688e-19 -2.3598e-16 -3.2664e-16  4.2497e-19 -9.3106e-15  5.5312e-19 -4.6361e-16  9.9005e-15  6.6470e-15  3.6548e-15 
 5.0000e-02  4.2432e-12  6.0953e-01  4.0533e-02  1.1389e-10  3.5937e-11  8.1338e-13  9.5765e-15 -1.2822e-16 -8.5501e-17 -9.3628e-15  5.1023e-16 -6.3658e-19 -3.8137e-16  3.4021e-16 -4.1659e-19 -2.5430e-16 -3.4973e-16  4.5401e-19 -9.2273e-15  5.9916e-19 -5.0071e-16  9.8629e-15  6.6470e-15  3.6548e-15 
 6.0000e-02  5.5496e-12  6.0953e-01  4.0533e-02  1.4895e-10  4.6722e-11  1.0636e-12  9.5180e-15 -1.3751e-16 -9.1694e-17 -9.2888e-15  5.4940e-16 -6.8581e-19 -4.1120e-16  3.6633e-16 -4.4885e-19 -2.7419e-16 -3.7414e-16  4.8477e-19 -9.1443e-15  6.4990e-19 -5.4158e-16  9.8297e-15  6.6470e-15  3.6548e-15 
 7.0000e-02  7.2581e-12  6.0953e-01  4.0533e-02  1.9479e-10  6.0740e-11  1.3907e-12  9.4612e-15 -1.4755e-16 -9.8387e-17 -9.2153e-15  5.9190e-16 -7.3927e-19 -4.4361e-16  3.9467e-16 -4.8387e-19 -2.9580e-16 -3.9994e-16  5.1729e-19 -9.0618e-15  7.0585e-19 -5.8663e-16  9.8012e-15  6.6470e-15  3.6548e-15 
 8.0000e-02  9.4924e-12  6.0953e-01  4.0533e-02  2.5474e-10  7.8959e-11  1.8184e-12  9.4061e-15 -1.5840e-16 -1.0562e-16 -9.1421e-15  6.3803e-16 -7.9730e-19 -4.7883e-16  4.2543e-16 -5.2190e-19 -3.1928e-16 -4.2717e-16  5.5163e-19 -8.9795e-15  7.6757e-19 -6.3629e-16  9.7776e-15  6.6470e-15  3.6548e-15 
 9.0000e-02  1.2414e-11  6.0953e-01  4.0533e-02  3.3311e-10  1.0264e-10  2.3776e-12  9.3527e-15 -1.7013e-16 -1.1344e-16 -9.0692e-15  6.8809e-16 -8.6033e-19 -5.1710e-16  4.5881e-16 -5.6321e-19 -3.4480e-16 -4.5586e-16  5.8787e-19 -8.8974e-15  8.3567e-19 -6.9104e-16  9.7594e-15  6.6470e-15  3.6548e-15 
 1.0000e-01  1.6235e-11  6.0953e-01  4.0533e-02  4.3559e-10  1.3340e-10  3.1086e-12  9.3010e-15 -1.8281e-16 -1.2190e-16 -8.9963e-15  7.4243e-16 -9.2876e-19 -5.5869e-16  4.9504e-16 -6.0806e-19 -3.7254e-16 -4.8607e-16  6.2603e-19 -8.8155e-15  9.1079e-19 -7.5141e-16  9.7467e-15  6.6470e-15  3.6548e-15 
 1.1000e-01  2.1231e-11  6.0953e-01  4.0533e-02  5.6956e-10  1.7338e-10  4.0643e-12  9.2508e-15 -1.9651e-16 -1.3104e-16 -8.9233e-15  8.0140e-16 -1.0031e-18 -6.0388e-16  5.3436e-16 -6.5676e-19 -4.0267e-16 -5.1782e-16  6.6619e-19 -8.7337e-15  9.9364e-19 -8.1795e-16  9.7402e-15  6.6470e-15  3.6548e-15 
 1.2000e-01  2.7763e-11  6.0953e-01  4.0533e-02  7.4470e-10  2.2531e-10  5.3136e-12  9.2023e-15 -2.1132e-16 -1.4091e-16 -8.8500e-15  8.6538e-16 -1.0837e-18 -6.5297e-16  5.7702e-16 -7.0963e-19 -4.3540e-16 -5.5114e-16  7.0836e-19 -8.6518e-15  1.0850e-18 -8.9126e-16  9.7402e-15  6.6470e-15  3.6548e-15 
 1.3000e-01  3.6303e-11  6.0953e-01  4.0533e-02  9.7363e-10  2.9277e-10  6.9465e-12  9.1553e-15 -2.2732e-16 -1.5158e-16 -8.7764e-15  9.3477e-16 -1.1713e-18 -7.0628e-16  6.2329e-16 -7.6700e-19 -4.7095e-16 -5.8606e-16  7.5259e-19 -8.5700e-15  1.1857e-18 -9.7200e-16  9.7472e-15  6.6470e-15  3.6548e-15 
 1.4000e-01  4.7469e-11  6.0953e-01  4.0533e-02  1.2729e-09  3.8039e-10  9.0808e-12  9.1099e-15 -2.4459e-16 -1.6310e-16 -8.7022e-15  1.0100e-15 -1.2662e-18 -7.6414e-16  6.7345e-16 -8.2923e-19 -5.0953e-16 -6.2259e-16  7.9891e-19 -8.4881e-15  1.2965e-18 -1.0609e-15  9.7617e-15  6.6470e-15  3.6548e-15 
 1.5000e-01  6.2066e-11  6.0953e-01  4.0534e-02  1.6639e-09  4.9417e-10  1.1870e-11  9.0660e-15 -2.6322e-16 -1.7552e-16 -8.6272e-15  1.0915e-15 -1.3691e-18 -8.2691e-16  7.2780e-16 -8.9669e-19 -5.5139e-16 -6.6076e-16  8.4732e-19 -8.4060e-15  1.4185e-18 -1.1585e-15  9.7843e-15  6.6470e-15  3.6548e-15 
 1.6000e-01  8.1146e-11  6.0953e-01  4.0534e-02  2.1749e-09  6.4191e-10  1.5515e-11  9.0235e-15 -2.8330e-16 -1.8891e-16 -8.5513e-15  1.1797e-15 -1.4806e-18 -8.9496e-16  7.8664e-16 -9.6976e-19 -5.9676e-16 -7.0054e-16  8.9784e-19 -8.3239e-15  1.5525e-18 -1.2658e-15  9.8156e-15  6.6470e-15  3.6548e-15 
 1.7000e-01  1.0608e-10  6.0953e-01  4.0534e-02  2.8426e-09  8.3370e-10  2.0278e-11  8.9826e-15 -3.0494e-16 -2.0334e-16 -8.4743e-15  1.2752e-15 -1.6012e-18 -9.6866e-16  8.5029e-16 -1.0488e-18 -6.4591e-16 -7.4196e-16  9.5046e-19 -8.2415e-15  1.6996e-18 -1.3835e-15  9.8561e-15  6.6470e-15  3.6548e-15 
 1.8000e-01  1.3868e-10  6.0953e-01  4.0534e-02  3.7147e-09  1.0826e-09  2.6501e-11  8.9430e-15 -3.2821e-16 -2.1886e-16 -8.3959e-15  1.3784e-15 -1.7316e-18 -1.0484e-15  9.1908e-16 -1.1344e-18 -6.9909e-16 -7.8497e-16  1.0052e-18 -8.1590e-15  1.8608e-18 -1.5125e-15  9.9066e-15  6.6470e-15  3.6548e-15 
 1.9000e-01  1.8127e-10  6.0953e-01  4.0534e-02  4.8538e-09  1.4056e-09  3.4630e-11  8.9049e-15 -3.5323e-16 -2.3554e-16 -8.3161e-15  1.4897e-15 -1.8725e-18 -1.1346e-15  9.9334e-16 -1.2267e-18 -7.5657e-16 -8.2957e-16  1.0619e-18 -8.0764e-15  2.0373e-18 -1.6535e-15  9.9676e-15  6.6470e-15  3.6548e-15 
 2.0000e-01  2.3691e-10  6.0953e-01  4.0534e-02  6.3413e-09  1.8247e-09  4.5248e-11  8.8681e-15 -3.8008e-16 -2.5344e-16 -8.2346e-15  1.6098e-15 -2.0245e-18 -1.2277e-15  1.0734e-15 -1.3263e-18 -8.1862e-16 -8.7571e-16  1.1207e-18 -7.9935e-15  2.2301e-18 -1.8075e-15  1.0040e-14  6.6470e-15  3.6548e-15 
 2.1000e-01  3.0960e-10  6.0953e-01  4.0535e-02  8.2832e-09  2.3681e-09  5.9113e-11  8.8327e-15 -4.0885e-16 -2.7263e-16 -8.1512e-15  1.7391e-15 -2.1882e-18 -1.3280e-15  1.1596e-15 -1.4336e-18 -8.8552e-16 -9.2335e-16  1.1814e-18 -7.9105e-15  2.4403e-18 -1.9753e-15  1.0124e-14  6.6470e-15  3.6548e-15 
 2.2000e-01  4.0455e-10  6.0953e-01  4.0535e-02  1.0818e-08  3.0727e-09  7.7215e-11  8.7985e-15 -4.3964e-16 -2.9316e-16 -8.0657e-15  1.8780e-15 -2.3642e-18 -1.4360e-15  1.2522e-15 -1.5489e-18 -9.5752e-16 -9.7243e-16  1.2440e-18 -7.8274e-15  2.6691e-18 -2.1578e-15  1.0221e-14  6.6470e-15  3.6548e-15 
 2.3000e-01  5.2853e-10  6.0953e-01  4.0536e-02  1.4124e-08  3.9858e-09  1.0084e-10  8.7657e-15 -4.7253e-16 -3.1509e-16 -7.9781e-15  2.0271e-15 -2.5532e-18 -1.5520e-15  1.3517e-15 -1.6727e-18 -1.0349e-15 -1.0229e-15  1.3085e-18 -7.7441e-15  2.9175e-18 -2.3559e-15  1.0331e-14  6.6470e-15  3.6548e-15 
 2.4000e-01  6.9038e-10  6.0953e-01  4.0536e-02  1.8437e-08  5.1688e-09  1.3168e-10  8.7341e-15 -5.0759e-16 -3.3847e-16 -7.8880e-15  2.1868e-15 -2.7558e-18 -1.6765e-15  1.4582e-15 -1.8054e-18 -1.1179e-15 -1.0746e-15  1.3746e-18 -7.6608e-15  3.1866e-18 -2.5704e-15  1.0455e-14  6.6470e-15  3.6548e-15 
 2.5000e-01  9.0163e-10  6.0953e-01  4.0537e-02  2.4060e-08  6.7007e-09  1.7190e-10  8.7036e-15 -5.4490e-16 -3.6335e-16 -7.7954e-15  2.3576e-15 -2.9724e-18 -1.8097e-15  1.5720e-15 -1.9473e-18 -1.2067e-15 -1.1275e-15  1.4422e-18 -7.5775e-15  3.4774e-18 -2.8020e-15  1.0594e-14  6.6470e-15  3.6548e-15 
 2.6000e-01  1.1772e-09  6.0953e-01  4.0538e-02  3.1387e-08  8.6834e-09  2.2436e-10  8.6743e-15 -5.8450e-16 -3.8976e-16 -7.7001e-15  2.5397e-15 -3.2036e-18 -1.9520e-15  1.6935e-15 -2.0987e-18 -1.3016e-15 -1.1816e-15  1.5114e-18 -7.4943e-15  3.7909e-18 -3.0516e-15  1.0748e-14  6.6470e-15  3.6548e-15 
 2.7000e-01  1.5367e-09  6.0953e-01  4.0540e-02  4.0930e-08  1.1248e-08  2.9274e-10  8.6462e-15 -6.2645e-16 -4.1773e-16 -7.6020e-15  2.7336e-15 -3.4498e-18 -2.1037e-15  1.8227e-15 -2.2598e-18 -1.4027e-15 -1.2365e-15  1.5818e-18 -7.4112e-15  4.1278e-18 -3.3198e-15  1.0918e-14  6.6470e-15  3.6548e-15 
 2.8000e-01  2.0054e-09  6.0953e-01  4.0542e-02  5.3353e-08  1.4564e-08  3.8183e-10  8.6190e-15 -6.7078e-16 -4.4729e-16 -7.5010e-15  2.9395e-15 -3.7114e-18 -2.2650e-15  1.9600e-15 -2.4310e-18 -1.5103e-15 -1.2924e-15  1.6534e-18 -7.3283e-15  4.4890e-18 -3.6071e-15  1.1104e-14  6.6470e-15  3.6548e-15 
 2.9000e-01  2.6162e-09  6.0953e-01  4.0545e-02  6.9512e-08  1.8846e-08  4.9786e-10  8.5929e-15 -7.1749e-16 -4.7844e-16 -7.3970e-15  3.1575e-15 -3.9886e-18 -2.4360e-15  2.1054e-15 -2.6123e-18 -1.6244e-15 -1.3489e-15  1.7259e-18 -7.2458e-15  4.8750e-18 -3.9140e-15  1.1306e-14  6.6470e-15  3.6548e-15 
 3.0000e-01  3.4118e-09  6.0953e-01  4.0548e-02  9.0516e-08  2.4375e-08  6.4888e-10  8.5678e-15 -7.6659e-16 -5.1118e-16 -7.2901e-15  3.3879e-15 -4.2815e-18 -2.6170e-15  2.2590e-15 -2.8039e-18 -1.7450e-15 -1.4060e-15  1.7992e-18 -7.1636e-15  5.2862e-18 -4.2409e-15  1.1526e-14  6.6470e-15  3.6548e-15 
 3.1000e-01  4.4474e-09  6.0953e-01  4.0553e-02  1.1779e-07  3.1504e-08  8.4531e-10  8.5436e-15 -8.1806e-16 -5.4550e-16 -7.1801e-15  3.6306e-15 -4.5903e-18 -2.8079e-15  2.4208e-15 -3.0057e-18 -1.8723e-15 -1.4635e-15  1.8731e-18 -7.0820e-15  5.7229e-18 -4.5879e-15  1.1762e-14  6.6470e-15  3.6548e-15 
 3.2000e-01  5.7946e-09  6.0953e-01  4.0559e-02  1.5319e-07  4.0689e-08  1.1006e-09  8.5203e-15 -8.7185e-16 -5.8137e-16 -7.0671e-15  3.8855e-15 -4.9149e-18 -3.0087e-15  2.5908e-15 -3.2177e-18 -2.0062e-15 -1.5212e-15  1.9474e-18 -7.0010e-15  6.1852e-18 -4.9551e-15  1.2016e-14  6.6470e-15  3.6548e-15 
 3.3000e-01  7.5460e-09  6.0953e-01  4.0566e-02  1.9906e-07  5.2508e-08  1.4321e-09  8.4978e-15 -9.2790e-16 -6.1874e-16 -6.9512e-15  4.1526e-15 -5.2550e-18 -3.2194e-15  2.7689e-15 -3.4398e-18 -2.1467e-15 -1.5791e-15  2.0218e-18 -6.9208e-15  6.6729e-18 -5.3424e-15  1.2287e-14  6.6470e-15  3.6548e-15 
 3.4000e-01  9.8207e-09  6.0953e-01  4.0576e-02  2.5844e-07  6.7699e-08  1.8622e-09  8.4761e-15 -9.8612e-16 -6.5757e-16 -6.8324e-15  4.4314e-15 -5.6102e-18 -3.4397e-15  2.9548e-15 -3.6716e-18 -2.2936e-15 -1.6368e-15  2.0962e-18 -6.8414e-15  7.1857e-18 -5.7495e-15  1.2575e-14  6.6470e-15  3.6548e-15 
 3.5000e-01  1.2773e-08  6.0953e-01  4.0589e-02  3.3521e-07  8.7197e-08  2.4196e-09  8.4551e-15 -1.0464e-15 -6.9777e-16 -6.7109e-15  4.7217e-15 -5.9802e-18 -3.6693e-15  3.1484e-15 -3.9129e-18 -2.4467e-15 -1.6943e-15  2.1703e-18 -6.7630e-15  7.7229e-18 -6.1758e-15  1.2879e-14  6.6470e-15  3.6548e-15 
 3.6000e-01  1.6599e-08  6.0953e-01  4.0606e-02  4.3430e-07  1.1218e-07  3.1410e-09  8.4348e-15 -1.1086e-15 -7.3927e-16 -6.5869e-15  5.0229e-15 -6.3643e-18 -3.9079e-15  3.3493e-15 -4.1632e-18 -2.6058e-15 -1.7513e-15  2.2438e-18 -6.6858e-15  8.2837e-18 -6.6209e-15  1.3200e-14  6.6470e-15  3.6548e-15 
 3.7000e-01  2.1554e-08  6.0953e-01  4.0627e-02  5.6200e-07  1.4415e-07  4.0735e-09  8.4151e-15 -1.1726e-15 -7.8195e-16 -6.4606e-15  5.3345e-15 -6.7618e-18 -4.1551e-15  3.5570e-15 -4.4220e-18 -2.7706e-15 -1.8077e-15  2.3167e-18 -6.6098e-15  8.8671e-18 -7.0838e-15  1.3535e-14  6.6470e-15  3.6548e-15 
 3.8000e-01  2.7961e-08  6.0953e-01  4.0655e-02  7.2627e-07  1.8497e-07  5.2770e-09  8.3961e-15 -1.2383e-15 -8.2571e-16 -6.3321e-15  5.6557e-15 -7.1716e-18 -4.4102e-15  3.7712e-15 -4.6887e-18 -2.9408e-15 -1.8633e-15  2.3885e-18 -6.5351e-15  9.4717e-18 -7.5635e-15  1.3886e-14  6.6470e-15  3.6548e-15 
 3.9000e-01  3.6234e-08  6.0953e-01  4.0691e-02  9.3716e-07  2.3700e-07  6.8275e-09  8.3775e-15 -1.3053e-15 -8.7043e-16 -6.2017e-15  5.9856e-15 -7.5928e-18 -4.6727e-15  3.9912e-15 -4.9624e-18 -3.1158e-15 -1.9180e-15  2.4592e-18 -6.4620e-15  1.0096e-17 -8.0588e-15  1.4250e-14  6.6470e-15  3.6548e-15 
 4.0000e-01  4.6901e-08  6.0953e-01  4.0737e-02  1.2073e-06  3.0315e-07  8.8212e-09  8.3594e-15 -1.3736e-15 -9.1596e-16 -6.0699e-15  6.3234e-15 -8.0243e-18 -4.9418e-15  4.2164e-15 -5.2426e-18 -3.2952e-15 -1.9715e-15  2.5284e-18 -6.3905e-15  1.0738e-17 -8.5684e-15  1.4627e-14  6.6470e-15  3.6548e-15 
 4.1000e-01  6.0631e-08  6.0953e-01  4.0796e-02  1.5526e-06  3.8707e-07  1.1379e-08  8.3418e-15 -1.4429e-15 -9.6216e-16 -5.9367e-15  6.6682e-15 -8.4646e-18 -5.2168e-15  4.4463e-15 -5.5282e-18 -3.4786e-15 -2.0237e-15  2.5961e-18 -6.3207e-15  1.1397e-17 -9.0907e-15  1.5016e-14  6.6470e-15  3.6548e-15 
 4.2000e-01  7.8268e-08  6.0953e-01  4.0872e-02  1.9927e-06  4.9326e-07  1.4654e-08  8.3246e-15 -1.5129e-15 -1.0089e-15 -5.8027e-15  7.0187e-15 -8.9126e-18 -5.4968e-15  4.6800e-15 -5.8184e-18 -3.6653e-15 -2.0746e-15  2.6619e-18 -6.2527e-15  1.2069e-17 -9.6241e-15  1.5415e-14  6.6470e-15  3.6548e-15 
 4.3000e-01  1.0088e-07  6.0953e-01  4.0969e-02  2.5523e-06  6.2729e-07  1.8834e-08  8.3077e-15 -1.5835e-15 -1.0560e-15 -5.6682e-15  7.3739e-15 -9.3666e-18 -5.7810e-15  4.9169e-15 -6.1122e-18 -3.8548e-15 -2.1238e-15  2.7257e-18 -6.1866e-15  1.2753e-17 -1.0167e-14  1.5822e-14  6.6470e-15  3.6548e-15 
 4.4000e-01  1.2981e-07  6.0953e-01  4.1093e-02  3.2617e-06  7.9596e-07  2.4156e-08  8.2911e-15 -1.6544e-15 -1.1032e-15 -5.5335e-15  7.7326e-15 -9.8253e-18 -6.0684e-15  5.1561e-15 -6.4085e-18 -4.0464e-15 -2.1713e-15  2.7873e-18 -6.1226e-15  1.3446e-17 -1.0717e-14  1.6237e-14  6.6470e-15  3.6548e-15 
 4.5000e-01  1.6674e-07  6.0953e-01  4.1250e-02  4.1586e-06  1.0076e-06  3.0909e-08  8.2749e-15 -1.7254e-15 -1.1505e-15 -5.3989e-15  8.0937e-15 -1.0287e-17 -6.3580e-15  5.3968e-15 -6.7063e-18 -4.2396e-15 -2.2171e-15  2.8466e-18 -6.0606e-15  1.4147e-17 -1.1273e-14  1.6658e-14  6.6470e-15  3.6548e-15 
 4.6000e-01  2.1376e-07  6.0953e-01  4.1448e-02  5.2890e-06  1.2725e-06  3.9448e-08  8.2588e-15 -1.7961e-15 -1.1977e-15 -5.2650e-15  8.4558e-15 -1.0750e-17 -6.6489e-15  5.6383e-15 -7.0046e-18 -4.4336e-15 -2.2609e-15  2.9034e-18 -6.0009e-15  1.4851e-17 -1.1833e-14  1.7083e-14  6.6470e-15  3.6548e-15 
 4.7000e-01  2.7349e-07  6.0953e-01  4.1698e-02  6.7094e-06  1.6029e-06  5.0206e-08  8.2430e-15 -1.8665e-15 -1.2446e-15 -5.1319e-15  8.8178e-15 -1.1213e-17 -6.9401e-15  5.8797e-15 -7.3023e-18 -4.6278e-15 -2.3027e-15  2.9576e-18 -5.9433e-15  1.5558e-17 -1.2395e-14  1.7511e-14  6.6470e-15  3.6548e-15 
 4.8000e-01  3.4915e-07  6.0953e-01  4.2011e-02  8.4889e-06  2.0140e-06  6.3704e-08  8.2274e-15 -1.9361e-15 -1.2911e-15 -5.0001e-15  9.1786e-15 -1.1675e-17 -7.2307e-15  6.1202e-15 -7.5983e-18 -4.8215e-15 -2.3424e-15  3.0090e-18 -5.8880e-15  1.6264e-17 -1.2956e-14  1.7940e-14  6.6470e-15  3.6548e-15 
 4.9000e-01  4.4474e-07  6.0953e-01  4.2402e-02  1.0712e-05  2.5239e-06  8.0565e-08  8.2119e-15 -2.0049e-15 -1.3370e-15 -4.8700e-15  9.5368e-15 -1.2134e-17 -7.5197e-15  6.3591e-15 -7.8917e-18 -5.0143e-15 -2.3799e-15  3.0577e-18 -5.8351e-15  1.6968e-17 -1.3516e-14  1.8369e-14  6.6470e-15  3.6548e-15 
 5.0000e-01  5.6519e-07  6.0953e-01  4.2885e-02  1.3480e-05  3.1547e-06  1.0153e-07  8.1966e-15 -2.0727e-15 -1.3821e-15 -4.7418e-15  9.8915e-15 -1.2587e-17 -7.8062e-15  6.5956e-15 -8.1814e-18 -5.2053e-15 -2.4152e-15  3.1034e-18 -5.7844e-15  1.7665e-17 -1.4072e-14  1.8796e-14  6.6470e-15  3.6548e-15 
 5.1000e-01  7.1656e-07  6.0953e-01  4.3481e-02  1.6917e-05  3.9329e-06  1.2746e-07  8.1813e-15 -2.1391e-15 -1.4265e-15 -4.6158e-15  1.0242e-14 -1.3035e-17 -8.0894e-15  6.8291e-15 -8.4666e-18 -5.3941e-15 -2.4484e-15  3.1461e-18 -5.7361e-15  1.8356e-17 -1.4622e-14  1.9220e-14  6.6470e-15  3.6548e-15 
 5.2000e-01  9.0626e-07  6.0953e-01  4.4211e-02  2.1173e-05  4.8903e-06  1.5938e-07  8.1662e-15 -2.2041e-15 -1.4698e-15 -4.4923e-15  1.0586e-14 -1.3476e-17 -8.3684e-15  7.0587e-15 -8.7463e-18 -5.5802e-15 -2.4792e-15  3.1859e-18 -5.6902e-15  1.9037e-17 -1.5166e-14  1.9639e-14  6.6470e-15  3.6548e-15 
 5.3000e-01  1.1433e-06  6.0953e-01  4.5096e-02  2.6425e-05  6.0649e-06  1.9842e-07  8.1511e-15 -2.2675e-15 -1.5121e-15 -4.3715e-15  1.0924e-14 -1.3909e-17 -8.6425e-15  7.2841e-15 -9.0199e-18 -5.7630e-15 -2.5078e-15  3.2227e-18 -5.6465e-15  1.9706e-17 -1.5700e-14  2.0052e-14  6.6470e-15  3.6548e-15 
 5.4000e-01  1.4388e-06  6.0953e-01  4.6163e-02  3.2886e-05  7.5013e-06  2.4591e-07  8.1361e-15 -2.3292e-15 -1.5532e-15 -4.2537e-15  1.1255e-14 -1.4332e-17 -8.9111e-15  7.5046e-15 -9.2865e-18 -5.9421e-15 -2.5341e-15  3.2564e-18 -5.6052e-15  2.0362e-17 -1.6225e-14  2.0458e-14  6.6470e-15  3.6548e-15 
 5.5000e-01  1.8059e-06  6.0953e-01  4.7438e-02  4.0801e-05  9.2518e-06  3.0329e-07  8.1211e-15 -2.3890e-15 -1.5931e-15 -4.1390e-15  1.1577e-14 -1.4745e-17 -9.1734e-15  7.7197e-15 -9.5456e-18 -6.1170e-15 -2.5582e-15  3.2871e-18 -5.5662e-15  2.1003e-17 -1.6739e-14  2.0857e-14  6.6470e-15  3.6548e-15 
 5.6000e-01  2.2606e-06  6.0953e-01  4.8949e-02  5.0454e-05  1.1376e-05  3.7216e-07  8.1062e-15 -2.4469e-15 -1.6317e-15 -4.0275e-15  1.1891e-14 -1.5146e-17 -9.4291e-15  7.9290e-15 -9.7965e-18 -6.2875e-15 -2.5801e-15  3.3148e-18 -5.5294e-15  2.1628e-17 -1.7240e-14  2.1246e-14  6.6470e-15  3.6548e-15 
 5.7000e-01  2.8218e-06  6.0953e-01  5.0721e-02  6.2162e-05  1.3939e-05  4.5423e-07  8.0913e-15 -2.5028e-15 -1.6690e-15 -3.9195e-15  1.2196e-14 -1.5536e-17 -9.6775e-15  8.1322e-15 -1.0039e-17 -6.4532e-15 -2.5998e-15  3.3396e-18 -5.4948e-15  2.2235e-17 -1.7728e-14  2.1626e-14  6.6470e-15  3.6548e-15 
 5.8000e-01  3.5118e-06  6.0953e-01  5.2780e-02  7.6267e-05  1.7014e-05  5.5129e-07  8.0764e-15 -2.5566e-15 -1.7049e-15 -3.8150e-15  1.2491e-14 -1.5913e-17 -9.9185e-15  8.3290e-15 -1.0272e-17 -6.6139e-15 -2.6174e-15  3.3615e-18 -5.4624e-15  2.2823e-17 -1.8203e-14  2.1995e-14  6.6470e-15  3.6548e-15 
 5.9000e-01  4.3563e-06  6.0953e-01  5.5150e-02  9.3127e-05  2.0673e-05  6.6517e-07  8.0615e-15 -2.6082e-15 -1.7393e-15 -3.7140e-15  1.2776e-14 -1.6277e-17 -1.0152e-14  8.5191e-15 -1.0496e-17 -6.7693e-15 -2.6329e-15  3.3805e-18 -5.4320e-15  2.3393e-17 -1.8662e-14  2.2353e-14  6.6470e-15  3.6548e-15 
 6.0000e-01  5.3847e-06  6.0953e-01  5.7849e-02  1.1310e-04  2.4990e-05  7.9769e-07  8.0467e-15 -2.6577e-15 -1.7724e-15 -3.6166e-15  1.3051e-14 -1.6627e-17 -1.0377e-14  8.7024e-15 -1.0711e-17 -6.9193e-15 -2.6465e-15  3.3967e-18 -5.4036e-15  2.3942e-17 -1.9107e-14  2.2700e-14  6.6470e-15  3.6548e-15 
 6.1000e-01  6.6297e-06  6.0953e-01  6.0891e-02  1.3650e-04  3.0031e-05  9.5053e-07  8.0319e-15 -2.7051e-15 -1.8040e-15 -3.5228e-15  1.3315e-14 -1.6965e-17 -1.0593e-14  8.8787e-15 -1.0916e-17 -7.0639e-15 -2.6581e-15  3.4102e-18 -5.3772e-15  2.4470e-17 -1.9536e-14  2.3034e-14  6.6470e-15  3.6548e-15 
 6.2000e-01  8.1272e-06  6.0953e-01  6.4284e-02  1.6363e-04  3.5851e-05  1.1253e-06  8.0170e-15 -2.7504e-15 -1.8341e-15 -3.4325e-15  1.3569e-14 -1.7288e-17 -1.0802e-14  9.0481e-15 -1.1111e-17 -7.2028e-15 -2.6678e-15  3.4212e-18 -5.3526e-15  2.4978e-17 -1.9950e-14  2.3357e-14  6.6470e-15  3.6548e-15 
 6.3000e-01  9.9153e-06  6.0953e-01  6.8032e-02  1.9466e-04  4.2488e-05  1.3232e-06  8.0022e-15 -2.7935e-15 -1.8629e-15 -3.3459e-15  1.3813e-14 -1.7598e-17 -1.1002e-14  9.2104e-15 -1.1296e-17 -7.3362e-15 -2.6758e-15  3.4295e-18 -5.3299e-15  2.5464e-17 -2.0347e-14  2.3668e-14  6.6470e-15  3.6548e-15 
 6.4000e-01  1.2034e-05  6.0953e-01  7.2128e-02  2.2969e-04  4.9958e-05  1.5452e-06  7.9874e-15 -2.8345e-15 -1.8903e-15 -3.2627e-15  1.4046e-14 -1.7894e-17 -1.1193e-14  9.3657e-15 -1.1471e-17 -7.4639e-15 -2.6820e-15  3.4355e-18 -5.3088e-15  2.5930e-17 -2.0729e-14  2.3966e-14  6.6470e-15  3.6548e-15 
 6.5000e-01  1.4522e-05  6.0953e-01  7.6561e-02  2.6870e-04  5.8254e-05  1.7921e-06  7.9726e-15 -2.8735e-15 -1.9163e-15 -3.1829e-15  1.4268e-14 -1.8177e-17 -1.1376e-14  9.5140e-15 -1.1637e-17 -7.5861e-15 -2.6867e-15  3.4391e-18 -5.2894e-15  2.6374e-17 -2.1095e-14  2.4252e-14  6.6470e-15  3.6548e-15 
 6.6000e-01  1.7420e-05  6.0953e-01  8.1315e-02  3.1154e-04  6.7339e-05  2.0641e-06  7.9578e-15 -2.9105e-15 -1.9409e-15 -3.1065e-15  1.4480e-14 -1.8446e-17 -1.1551e-14  9.6556e-15 -1.1792e-17 -7.7028e-15 -2.6898e-15  3.4404e-18 -5.2715e-15  2.6798e-17 -2.1446e-14  2.4526e-14  6.6470e-15  3.6548e-15 
 6.7000e-01  2.0765e-05  6.0953e-01  8.6365e-02  3.5791e-04  7.7154e-05  2.3609e-06  7.9431e-15 -2.9455e-15 -1.9643e-15 -3.0333e-15  1.4682e-14 -1.8701e-17 -1.1718e-14  9.7904e-15 -1.1939e-17 -7.8141e-15 -2.6914e-15  3.4396e-18 -5.2551e-15  2.7201e-17 -2.1781e-14  2.4787e-14  6.6470e-15  3.6548e-15 
 6.8000e-01  2.4589e-05  6.0953e-01  9.1686e-02  4.0744e-04  8.7616e-05  2.6822e-06  7.9283e-15 -2.9787e-15 -1.9864e-15 -2.9632e-15  1.4875e-14 -1.8944e-17 -1.1877e-14  9.9187e-15 -1.2076e-17 -7.9202e-15 -2.6917e-15  3.4367e-18 -5.2400e-15  2.7584e-17 -2.2102e-14  2.5037e-14  6.6470e-15  3.6548e-15 
 6.9000e-01  2.8923e-05  6.0953e-01  9.7247e-02  4.5964e-04  9.8625e-05  3.0271e-06  7.9136e-15 -3.0100e-15 -2.0073e-15 -2.8962e-15  1.5058e-14 -1.9175e-17 -1.2028e-14  1.0041e-14 -1.2204e-17 -8.0210e-15 -2.6907e-15  3.4319e-18 -5.2263e-15  2.7947e-17 -2.2407e-14  2.5276e-14  6.6470e-15  3.6548e-15 
 7.0000e-01  3.3789e-05  6.0953e-01  1.0302e-01  5.1397e-04  1.1007e-04  3.3945e-06  7.8989e-15 -3.0396e-15 -2.0271e-15 -2.8322e-15  1.5231e-14 -1.9393e-17 -1.2172e-14  1.0156e-14 -1.2323e-17 -8.1169e-15 -2.6885e-15  3.4251e-18 -5.2138e-15  2.8291e-17 -2.2699e-14  2.5503e-14  6.6470e-15  3.6548e-15 
 7.1000e-01  3.9207e-05  6.0953e-01  1.0896e-01  5.6984e-04  1.2183e-04  3.7831e-06  7.8842e-15 -3.0676e-15 -2.0458e-15 -2.7709e-15  1.5396e-14 -1.9599e-17 -1.2309e-14  1.0266e-14 -1.2434e-17 -8.2079e-15 -2.6852e-15  3.4166e-18 -5.2024e-15  2.8617e-17 -2.2977e-14  2.5719e-14  6.6470e-15  3.6548e-15 
 7.2000e-01  4.5189e-05  6.0953e-01  1.1505e-01  6.2669e-04  1.3378e-04  4.1915e-06  7.8696e-15 -3.0939e-15 -2.0633e-15 -2.7123e-15  1.5552e-14 -1.9795e-17 -1.2438e-14  1.0370e-14 -1.2536e-17 -8.2943e-15 -2.6808e-15  3.4064e-18 -5.1922e-15  2.8925e-17 -2.3241e-14  2.5924e-14  6.6470e-15  3.6548e-15 
 7.3000e-01  5.1742e-05  6.0953e-01  1.2124e-01  6.8396e-04  1.4583e-04  4.6183e-06  7.8549e-15 -3.1188e-15 -2.0799e-15 -2.6562e-15  1.5699e-14 -1.9979e-17 -1.2561e-14  1.0469e-14 -1.2631e-17 -8.3761e-15 -2.6754e-15  3.3946e-18 -5.1829e-15  2.9215e-17 -2.3493e-14  2.6120e-14  6.6470e-15  3.6548e-15 
 7.4000e-01  5.8868e-05  6.0953e-01  1.2752e-01  7.4116e-04  1.5786e-04  5.0619e-06  7.8403e-15 -3.1422e-15 -2.0955e-15 -2.6026e-15  1.5839e-14 -2.0152e-17 -1.2677e-14  1.0562e-14 -1.2717e-17 -8.4536e-15 -2.6691e-15  3.3812e-18 -5.1746e-15  2.9488e-17 -2.3732e-14  2.6305e-14  6.6470e-15  3.6548e-15 
 7.5000e-01  6.6563e-05  6.0953e-01  1.3386e-01  7.9784e-04  1.6978e-04  5.5210e-06  7.8258e-15 -3.1642e-15 -2.1102e-15 -2.5513e-15  1.5971e-14 -2.0316e-17 -1.2787e-14  1.0650e-14 -1.2797e-17 -8.5270e-15 -2.6620e-15  3.3664e-18 -5.1671e-15  2.9746e-17 -2.3960e-14  2.6481e-14  6.6470e-15  3.6548e-15 
 7.6000e-01  7.4821e-05  6.0953e-01  1.4023e-01  8.5364e-04  1.8153e-04  5.9943e-06  7.8112e-15 -3.1849e-15 -2.1241e-15 -2.5022e-15  1.6096e-14 -2.0470e-17 -1.2891e-14  1.0733e-14 -1.2869e-17 -8.5965e-15 -2.6541e-15  3.3502e-18 -5.1605e-15  2.9988e-17 -2.4176e-14  2.6648e-14  6.6470e-15  3.6548e-15 
 7.7000e-01  8.3631e-05  6.0953e-01  1.4660e-01  9.0826e-04  1.9305e-04  6.4805e-06  7.7968e-15 -3.2045e-15 -2.1371e-15 -2.4552e-15  1.6215e-14 -2.0614e-17 -1.2990e-14  1.0812e-14 -1.2934e-17 -8.6621e-15 -2.6454e-15  3.3327e-18 -5.1547e-15  3.0216e-17 -2.4381e-14  2.6806e-14  6.6470e-15  3.6548e-15 
 7.8000e-01  9.2981e-05  6.0953e-01  1.5297e-01  9.6149e-04  2.0428e-04  6.9786e-06  7.7823e-15 -3.2228e-15 -2.1494e-15 -2.4101e-15  1.6326e-14 -2.0751e-17 -1.3083e-14  1.0887e-14 -1.2993e-17 -8.7242e-15 -2.6361e-15  3.3139e-18 -5.1495e-15  3.0429e-17 -2.4577e-14  2.6956e-14  6.6470e-15  3.6548e-15 
 7.9000e-01  1.0286e-04  6.0953e-01  1.5931e-01  1.0132e-03  2.1521e-04  7.4876e-06  7.7679e-15 -3.2401e-15 -2.1609e-15 -2.3669e-15  1.6432e-14 -2.0878e-17 -1.3171e-14  1.0957e-14 -1.3045e-17 -8.7829e-15 -2.6262e-15  3.2939e-18 -5.1450e-15  3.0629e-17 -2.4762e-14  2.7098e-14  6.6470e-15  3.6548e-15 
 8.0000e-01  1.1324e-04  6.0953e-01  1.6561e-01  1.0632e-03  2.2580e-04  8.0068e-06  7.7535e-15 -3.2564e-15 -2.1718e-15 -2.3254e-15  1.6531e-14 -2.0998e-17 -1.3254e-14  1.1023e-14 -1.3091e-17 -8.8384e-15 -2.6157e-15  3.2728e-18 -5.1411e-15  3.0816e-17 -2.4939e-14  2.7233e-14  6.6470e-15  3.6548e-15 
 8.1000e-01  1.2411e-04  6.0953e-01  1.7187e-01  1.1116e-03  2.3605e-04  8.5353e-06  7.7392e-15 -3.2717e-15 -2.1820e-15 -2.2856e-15  1.6625e-14 -2.1110e-17 -1.3332e-14  1.1086e-14 -1.3132e-17 -8.8908e-15 -2.6047e-15  3.2506e-18 -5.1377e-15  3.0992e-17 -2.5106e-14  2.7361e-14  6.6470e-15  3.6548e-15 
 8.2000e-01  1.3546e-04  6.0953e-01  1.7806e-01  1.1582e-03  2.4597e-04  9.0727e-06  7.7249e-15 -3.2861e-15 -2.1916e-15 -2.2473e-15  1.6714e-14 -2.1216e-17 -1.3406e-14  1.1145e-14 -1.3167e-17 -8.9403e-15 -2.5933e-15  3.2273e-18 -5.1349e-15  3.1155e-17 -2.5265e-14  2.7482e-14  6.6470e-15  3.6548e-15 
 8.3000e-01  1.4727e-04  6.0953e-01  1.8419e-01  1.2032e-03  2.5554e-04  9.6185e-06  7.7107e-15 -3.2996e-15 -2.2006e-15 -2.2104e-15  1.6797e-14 -2.1314e-17 -1.3476e-14  1.1201e-14 -1.3197e-17 -8.9871e-15 -2.5814e-15  3.2031e-18 -5.1325e-15  3.1308e-17 -2.5417e-14  2.7596e-14  6.6470e-15  3.6548e-15 
 8.4000e-01  1.5952e-04  6.0953e-01  1.9026e-01  1.2466e-03  2.6479e-04  1.0172e-05  7.6965e-15 -3.3124e-15 -2.2092e-15 -2.1749e-15  1.6876e-14 -2.1407e-17 -1.3543e-14  1.1254e-14 -1.3222e-17 -9.0313e-15 -2.5691e-15  3.1779e-18 -5.1305e-15  3.1450e-17 -2.5561e-14  2.7705e-14  6.6470e-15  3.6548e-15 
 8.5000e-01  1.7220e-04  6.0953e-01  1.9625e-01  1.2885e-03  2.7373e-04  1.0734e-05  7.6823e-15 -3.3244e-15 -2.2172e-15 -2.1407e-15  1.6951e-14 -2.1493e-17 -1.3605e-14  1.1303e-14 -1.3242e-17 -9.0730e-15 -2.5565e-15  3.1518e-18 -5.1290e-15  3.1583e-17 -2.5698e-14  2.7807e-14  6.6470e-15  3.6548e-15 
 8.6000e-01  1.8529e-04  6.0953e-01  2.0216e-01  1.3289e-03  2.8237e-04  1.1303e-05  7.6682e-15 -3.3357e-15 -2.2248e-15 -2.1077e-15  1.7022e-14 -2.1574e-17 -1.3664e-14  1.1351e-14 -1.3257e-17 -9.1125e-15 -2.5435e-15  3.1249e-18 -5.1278e-15  3.1706e-17 -2.5829e-14  2.7905e-14  6.6470e-15  3.6548e-15 
 8.7000e-01  1.9877e-04  6.0953e-01  2.0800e-01  1.3680e-03  2.9073e-04  1.1879e-05  7.6541e-15 -3.3464e-15 -2.2319e-15 -2.0758e-15  1.7088e-14 -2.1649e-17 -1.3720e-14  1.1395e-14 -1.3268e-17 -9.1498e-15 -2.5303e-15  3.0970e-18 -5.1269e-15  3.1820e-17 -2.5953e-14  2.7997e-14  6.6470e-15  3.6548e-15 
 8.8000e-01  2.1264e-04  6.0953e-01  2.1376e-01  1.4057e-03  2.9882e-04  1.2462e-05  7.6401e-15 -3.3565e-15 -2.2387e-15 -2.0449e-15  1.7151e-14 -2.1719e-17 -1.3773e-14  1.1437e-14 -1.3275e-17 -9.1851e-15 -2.5168e-15  3.0684e-18 -5.1264e-15  3.1926e-17 -2.6072e-14  2.8085e-14  6.6470e-15  3.6548e-15 
 8.9000e-01  2.2688e-04  6.0953e-01  2.1944e-01  1.4423e-03  3.0667e-04  1.3052e-05  7.6261e-15 -3.3660e-15 -2.2450e-15 -2.0150e-15  1.7211e-14 -2.1785e-17 -1.3823e-14  1.1477e-14 -1.3278e-17 -9.2185e-15 -2.5030e-15  3.0389e-18 -5.1261e-15  3.2023e-17 -2.6185e-14  2.8168e-14  6.6470e-15  3.6548e-15 
 9.0000e-01  2.4148e-04  6.0953e-01  2.2504e-01  1.4777e-03  3.1428e-04  1.3649e-05  7.6122e-15 -3.3750e-15 -2.2511e-15 -1.9861e-15  1.7267e-14 -2.1846e-17 -1.3870e-14  1.1514e-14 -1.3277e-17 -9.2500e-15 -2.4891e-15  3.0087e-18 -5.1261e-15  3.2114e-17 -2.6293e-14  2.8247e-14  6.6470e-15  3.6548e-15 
 9.1000e-01  2.5643e-04  6.0953e-01  2.3057e-01  1.5122e-03  3.2168e-04  1.4253e-05  7.5983e-15 -3.3835e-15 -2.2567e-15 -1.9580e-15  1.7321e-14 -2.1902e-17 -1.3915e-14  1.1550e-14 -1.3272e-17 -9.2799e-15 -2.4750e-15  2.9777e-18 -5.1263e-15  3.2197e-17 -2.6396e-14  2.8321e-14  6.6470e-15  3.6548e-15 
 9.2000e-01  2.7172e-04  6.0953e-01  2.3602e-01  1.5456e-03  3.2888e-04  1.4864e-05  7.5844e-15 -3.3916e-15 -2.2621e-15 -1.9307e-15  1.7371e-14 -2.1955e-17 -1.3958e-14  1.1584e-14 -1.3264e-17 -9.3083e-15 -2.4607e-15  2.9460e-18 -5.1267e-15  3.2273e-17 -2.6494e-14  2.8393e-14  6.6470e-15  3.6548e-15 
 9.3000e-01  2.8734e-04  6.0953e-01  2.4140e-01  1.5781e-03  3.3589e-04  1.5481e-05  7.5706e-15 -3.3992e-15 -2.2672e-15 -1.9041e-15  1.7419e-14 -2.2004e-17 -1.3998e-14  1.1616e-14 -1.3252e-17 -9.3351e-15 -2.4463e-15  2.9136e-18 -5.1273e-15  3.2343e-17 -2.6588e-14  2.8460e-14  6.6470e-15  3.6548e-15 
 9.4000e-01  3.0328e-04  6.0953e-01  2.4671e-01  1.6098e-03  3.4273e-04  1.6105e-05  7.5568e-15 -3.4065e-15 -2.2721e-15 -1.8783e-15  1.7464e-14 -2.2050e-17 -1.4036e-14  1.1646e-14 -1.3237e-17 -9.3605e-15 -2.4317e-15  2.8804e-18 -5.1280e-15  3.2407e-17 -2.6679e-14  2.8524e-14  6.6470e-15  3.6548e-15 
 9.5000e-01  3.1953e-04  6.0953e-01  2.5194e-01  1.6408e-03  3.4941e-04  1.6736e-05  7.5431e-15 -3.4133e-15 -2.2767e-15 -1.8531e-15  1.7507e-14 -2.2092e-17 -1.4072e-14  1.1675e-14 -1.3219e-17 -9.3847e-15 -2.4170e-15  2.8465e-18 -5.1289e-15  3.2464e-17 -2.6765e-14  2.8586e-14  6.6470e-15  3.6548e-15 
 9.6000e-01  3.3609e-04  6.0953e-01  2.5711e-01  1.6709e-03  3.5593e-04  1.7373e-05  7.5294e-15 -3.4199e-15 -2.2810e-15 -1.8285e-15  1.7548e-14 -2.2131e-17 -1.4106e-14  1.1702e-14 -1.3198e-17 -9.4076e-15 -2.4023e-15  2.8120e-18 -5.1300e-15  3.2517e-17 -2.6848e-14  2.8644e-14  6.6470e-15  3.6548e-15 
 9.7000e-01  3.5294e-04  6.0953e-01  2.6221e-01  1.7004e-03  3.6231e-04  1.8017e-05  7.5158e-15 -3.4261e-15 -2.2852e-15 -1.8045e-15  1.7587e-14 -2.2167e-17 -1.4139e-14  1.1728e-14 -1.3174e-17 -9.4294e-15 -2.3874e-15  2.7767e-18 -5.1311e-15  3.2564e-17 -2.6927e-14  2.8699e-14  6.6470e-15  3.6548e-15 
 9.8000e-01  3.7009e-04  6.0953e-01  2.6724e-01  1.7292e-03  3.6855e-04  1.8667e-05  7.5022e-15 -3.4320e-15 -2.2892e-15 -1.7811e-15  1.7624e-14 -2.2200e-17 -1.4170e-14  1.1752e-14 -1.3147e-17 -9.4500e-15 -2.3725e-15  2.7408e-18 -5.1324e-15  3.2606e-17 -2.7004e-14  2.8752e-14  6.6470e-15  3.6548e-15 
 9.9000e-01  3.8752e-04  6.0953e-01  2.7221e-01  1.7573e-03  3.7466e-04  1.9325e-05  7.4886e-15 -3.4376e-15 -2.2929e-15 -1.7581e-15  1.7659e-14 -2.2230e-17 -1.4199e-14  1.1776e-14 -1.3117e-17 -9.4697e-15 -2.3575e-15  2.7042e-18 -5.1338e-15  3.2644e-17 -2.7077e-14  2.8803e-14  6.6470e-15  3.6548e-15 
 1.0000e+00  4.0523e-04  6.0953e-01  2.7712e-01  1.7849e-03  3.8066e-04  1.9988e-05  7.4751e-15 -3.4429e-15 -2.2965e-15 -1.7356e-15  1.7693e-14 -2.2258e-17 -1.4227e-14  1.1798e-14 -1.3085e-17 -9.4885e-15 -2.3425e-15  2.6669e-18 -5.1352e-15  3.2677e-17 -2.7148e-14  2.8851e-14  6.6470e-15  3.6548e-15 
 1.0100e+00  4.2322e-04  6.0953e-01  2.8198e-01  1.8118e-03  3.8654e-04  2.0658e-05  7.4616e-15 -3.4481e-15 -2.2999e-15 -1.7135e-15  1.7724e-14 -2.2284e-17 -1.4254e-14  1.1819e-14 -1.3050e-17 -9.5063e-15 -2.3274e-15  2.6289e-18 -5.1368e-15  3.2705e-17 -2.7216e-14  2.8897e-14  6.6470e-15  3.6548e-15 
 1.0200e+00  4.4147e-04  6.0953e-01  2.8677e-01  1.8382e-03  3.9231e-04  2.1335e-05  7.4481e-15 -3.4530e-15 -2.3032e-15 -1.6919e-15  1.7755e-14 -2.2307e-17 -1.4279e-14  1.1840e-14 -1.3012e-17 -9.5233e-15 -2.3123e-15  2.5902e-18 -5.1384e-15  3.2730e-17 -2.7282e-14  2.8941e-14  6.6470e-15  3.6548e-15 
 1.0300e+00  4.5998e-04  6.0953e-01  2.9150e-01  1.8641e-03  3.9798e-04  2.2018e-05  7.4347e-15 -3.4576e-15 -2.3064e-15 -1.6706e-15  1.7784e-14 -2.2329e-17 -1.4304e-14  1.1859e-14 -1.2972e-17 -9.5396e-15 -2.2972e-15  2.5509e-18 -5.1400e-15  3.2750e-17 -2.7345e-14  2.8983e-14  6.6470e-15  3.6548e-15 
 1.0400e+00  4.7874e-04  6.0953e-01  2.9619e-01  1.8894e-03  4.0354e-04  2.2708e-05  7.4213e-15 -3.4621e-15 -2.3094e-15 -1.6498e-15  1.7811e-14 -2.2348e-17 -1.4327e-14  1.1877e-14 -1.2930e-17 -9.5551e-15 -2.2821e-15  2.5108e-18 -5.1417e-15  3.2767e-17 -2.7407e-14  2.9024e-14  6.6470e-15  3.6548e-15 
 1.0500e+00  4.9776e-04  6.0953e-01  3.0082e-01  1.9142e-03  4.0901e-04  2.3404e-05  7.4079e-15 -3.4664e-15 -2.3123e-15 -1.6292e-15  1.7838e-14 -2.2365e-17 -1.4349e-14  1.1895e-14 -1.2885e-17 -9.5699e-15 -2.2669e-15  2.4701e-18 -5.1435e-15  3.2780e-17 -2.7466e-14  2.9062e-14  6.6470e-15  3.6548e-15 
 1.0600e+00  5.1702e-04  6.0953e-01  3.0540e-01  1.9384e-03  4.1439e-04  2.4107e-05  7.3946e-15 -3.4706e-15 -2.3150e-15 -1.6090e-15  1.7863e-14 -2.2380e-17 -1.4370e-14  1.1912e-14 -1.2838e-17 -9.5841e-15 -2.2518e-15  2.4286e-18 -5.1452e-15  3.2789e-17 -2.7523e-14  2.9100e-14  6.6470e-15  3.6548e-15 
 1.0700e+00  5.3652e-04  6.0953e-01  3.0993e-01  1.9622e-03  4.1969e-04  2.4816e-05  7.3813e-15 -3.4745e-15 -2.3177e-15 -1.5890e-15  1.7888e-14 -2.2394e-17 -1.4391e-14  1.1928e-14 -1.2788e-17 -9.5977e-15 -2.2366e-15  2.3865e-18 -5.1471e-15  3.2795e-17 -2.7579e-14  2.9135e-14  6.6470e-15  3.6548e-15 
 1.0800e+00  5.5626e-04  6.0953e-01  3.1441e-01  1.9854e-03  4.2489e-04  2.5531e-05  7.3680e-15 -3.4783e-15 -2.3203e-15 -1.5694e-15  1.7911e-14 -2.2406e-17 -1.4410e-14  1.1944e-14 -1.2736e-17 -9.6107e-15 -2.2215e-15  2.3436e-18 -5.1489e-15  3.2798e-17 -2.7633e-14  2.9170e-14  6.6470e-15  3.6548e-15 
 1.0900e+00  5.7623e-04  6.0953e-01  3.1884e-01  2.0082e-03  4.3002e-04  2.6252e-05  7.3548e-15 -3.4820e-15 -2.3228e-15 -1.5500e-15  1.7933e-14 -2.2416e-17 -1.4429e-14  1.1959e-14 -1.2682e-17 -9.6231e-15 -2.2063e-15  2.3000e-18 -5.1508e-15  3.2798e-17 -2.7685e-14  2.9203e-14  6.6470e-15  3.6548e-15 
 1.1000e+00  5.9642e-04  6.0953e-01  3.2323e-01  2.0305e-03  4.3507e-04  2.6980e-05  7.3416e-15 -3.4856e-15 -2.3251e-15 -1.5309e-15  1.7955e-14 -2.2425e-17 -1.4447e-14  1.1973e-14 -1.2626e-17 -9.6351e-15 -2.1912e-15  2.2556e-18 -5.1526e-15  3.2795e-17 -2.7736e-14  2.9234e-14  6.6469e-15  3.6548e-15 
 1.1100e+00  6.1683e-04  6.0953e-01  3.2758e-01  2.0523e-03  4.4004e-04  2.7714e-05  7.3284e-15 -3.4890e-15 -2.3274e-15 -1.5120e-15  1.7975e-14 -2.2432e-17 -1.4464e-14  1.1987e-14 -1.2567e-17 -9.6466e-15 -2.1761e-15  2.2105e-18 -5.1545e-15  3.2788e-17 -2.7786e-14  2.9265e-14  6.6469e-15  3.6548e-15 
 1.1200e+00  6.3746e-04  6.0953e-01  3.3188e-01  2.0736e-03  4.4494e-04  2.8454e-05  7.3152e-15 -3.4923e-15 -2.3297e-15 -1.4933e-15  1.7995e-14 -2.2438e-17 -1.4480e-14  1.2000e-14 -1.2506e-17 -9.6577e-15 -2.1610e-15  2.1646e-18 -5.1564e-15  3.2779e-17 -2.7834e-14  2.9294e-14  6.6469e-15  3.6548e-15 
 1.1300e+00  6.5830e-04  6.0953e-01  3.3615e-01  2.0945e-03  4.4976e-04  2.9200e-05  7.3021e-15 -3.4955e-15 -2.3318e-15 -1.4748e-15  1.8014e-14 -2.2442e-17 -1.4496e-14  1.2013e-14 -1.2443e-17 -9.6684e-15 -2.1459e-15  2.1180e-18 -5.1583e-15  3.2767e-17 -2.7881e-14  2.9323e-14  6.6469e-15  3.6548e-15 
 1.1400e+00  6.7935e-04  6.0953e-01  3.4037e-01  2.1149e-03  4.5452e-04  2.9953e-05  7.2890e-15 -3.4986e-15 -2.3339e-15 -1.4565e-15  1.8032e-14 -2.2445e-17 -1.4511e-14  1.2025e-14 -1.2378e-17 -9.6786e-15 -2.1308e-15  2.0705e-18 -5.1603e-15  3.2753e-17 -2.7927e-14  2.9350e-14  6.6469e-15  3.6548e-15 
 1.1500e+00  7.0059e-04  6.0953e-01  3.4455e-01  2.1349e-03  4.5921e-04  3.0711e-05  7.2759e-15 -3.5016e-15 -2.3359e-15 -1.4384e-15  1.8050e-14 -2.2447e-17 -1.4526e-14  1.2037e-14 -1.2310e-17 -9.6885e-15 -2.1158e-15  2.0223e-18 -5.1622e-15  3.2735e-17 -2.7971e-14  2.9377e-14  6.6469e-15  3.6548e-15 
 1.1600e+00  7.2204e-04  6.0953e-01  3.4870e-01  2.1544e-03  4.6383e-04  3.1476e-05  7.2629e-15 -3.5045e-15 -2.3379e-15 -1.4205e-15  1.8067e-14 -2.2448e-17 -1.4540e-14  1.2048e-14 -1.2241e-17 -9.6981e-15 -2.1008e-15  1.9732e-18 -5.1641e-15  3.2715e-17 -2.8015e-14  2.9403e-14  6.6469e-15  3.6548e-15 
 1.1700e+00  7.4368e-04  6.0953e-01  3.5281e-01  2.1734e-03  4.6839e-04  3.2246e-05  7.2498e-15 -3.5073e-15 -2.3398e-15 -1.4028e-15  1.8084e-14 -2.2447e-17 -1.4554e-14  1.2059e-14 -1.2169e-17 -9.7073e-15 -2.0858e-15  1.9233e-18 -5.1660e-15  3.2693e-17 -2.8057e-14  2.9427e-14  6.6469e-15  3.6548e-15 
 1.1800e+00  7.6550e-04  6.0953e-01  3.5689e-01  2.1920e-03  4.7289e-04  3.3023e-05  7.2368e-15 -3.5100e-15 -2.3416e-15 -1.3852e-15  1.8100e-14 -2.2446e-17 -1.4567e-14  1.2070e-14 -1.2095e-17 -9.7162e-15 -2.0708e-15  1.8725e-18 -5.1679e-15  3.2668e-17 -2.8099e-14  2.9452e-14  6.6469e-15  3.6548e-15 
 1.1900e+00  7.8751e-04  6.0953e-01  3.6093e-01  2.2102e-03  4.7733e-04  3.3805e-05  7.2239e-15 -3.5127e-15 -2.3434e-15 -1.3677e-15  1.8115e-14 -2.2443e-17 -1.4580e-14  1.2080e-14 -1.2019e-17 -9.7249e-15 -2.0559e-15  1.8208e-18 -5.1698e-15  3.2641e-17 -2.8140e-14  2.9475e-14  6.6469e-15  3.6548e-15 
 1.2000e+00  8.0970e-04  6.0953e-01  3.6494e-01  2.2279e-03  4.8172e-04  3.4593e-05  7.2109e-15 -3.5153e-15 -2.3452e-15 -1.3504e-15  1.8130e-14 -2.2439e-17 -1.4593e-14  1.2090e-14 -1.1940e-17 -9.7332e-15 -2.0410e-15  1.7683e-18 -5.1716e-15  3.2611e-17 -2.8180e-14  2.9498e-14  6.6469e-15  3.6548e-15 
 1.2100e+00  8.3207e-04  6.0953e-01  3.6891e-01  2.2453e-03  4.8605e-04  3.5387e-05  7.1980e-15 -3.5178e-15 -2.3469e-15 -1.3333e-15  1.8145e-14 -2.2434e-17 -1.4605e-14  1.2100e-14 -1.1860e-17 -9.7413e-15 -2.0262e-15  1.7148e-18 -5.1735e-15  3.2578e-17 -2.8219e-14  2.9520e-14  6.6469e-15  3.6548e-15 
 1.2200e+00  8.5460e-04  6.0953e-01  3.7286e-01  2.2621e-03  4.9032e-04  3.6187e-05  7.1850e-15 -3.5203e-15 -2.3485e-15 -1.3162e-15  1.8159e-14 -2.2428e-17 -1.4616e-14  1.2110e-14 -1.1777e-17 -9.7492e-15 -2.0113e-15  1.6605e-18 -5.1754e-15  3.2544e-17 -2.8257e-14  2.9541e-14  6.6469e-15  3.6548e-15 
 1.2300e+00  8.7730e-04  6.0953e-01  3.7677e-01  2.2786e-03  4.9455e-04  3.6992e-05  7.1722e-15 -3.5227e-15 -2.3502e-15 -1.2993e-15  1.8173e-14 -2.2420e-17 -1.4628e-14  1.2119e-14 -1.1691e-17 -9.7568e-15 -1.9966e-15  1.6051e-18 -5.1772e-15  3.2507e-17 -2.8295e-14  2.9562e-14  6.6469e-15  3.6548e-15 
 1.2400e+00  9.0017e-04  6.0953e-01  3.8066e-01  2.2947e-03  4.9872e-04  3.7804e-05  7.1593e-15 -3.5250e-15 -2.3518e-15 -1.2825e-15  1.8186e-14 -2.2412e-17 -1.4639e-14  1.2128e-14 -1.1604e-17 -9.7642e-15 -1.9818e-15  1.5488e-18 -5.1790e-15  3.2467e-17 -2.8332e-14  2.9582e-14  6.6469e-15  3.6548e-15 
 1.2500e+00  9.2319e-04  6.0953e-01  3.8452e-01  2.3103e-03  5.0284e-04  3.8620e-05  7.1464e-15 -3.5273e-15 -2.3533e-15 -1.2658e-15  1.8199e-14 -2.2403e-17 -1.4649e-14  1.2136e-14 -1.1514e-17 -9.7714e-15 -1.9671e-15  1.4915e-18 -5.1808e-15  3.2426e-17 -2.8368e-14  2.9602e-14  6.6469e-15  3.6548e-15 
 1.2600e+00  9.4637e-04  6.0953e-01  3.8834e-01  2.3256e-03  5.0692e-04  3.9443e-05  7.1336e-15 -3.5295e-15 -2.3548e-15 -1.2492e-15  1.8212e-14 -2.2393e-17 -1.4660e-14  1.2145e-14 -1.1422e-17 -9.7784e-15 -1.9524e-15  1.4332e-18 -5.1826e-15  3.2382e-17 -2.8404e-14  2.9621e-14  6.6469e-15  3.6548e-15 
 1.2700e+00  9.6970e-04  6.0953e-01  3.9215e-01  2.3404e-03  5.1095e-04  4.0271e-05  7.1208e-15 -3.5317e-15 -2.3563e-15 -1.2328e-15  1.8224e-14 -2.2382e-17 -1.4670e-14  1.2153e-14 -1.1327e-17 -9.7853e-15 -1.9377e-15  1.3738e-18 -5.1844e-15  3.2335e-17 -2.8439e-14  2.9640e-14  6.6469e-15  3.6548e-15 
 1.2800e+00  9.9317e-04  6.0953e-01  3.9593e-01  2.3549e-03  5.1494e-04  4.1104e-05  7.1080e-15 -3.5338e-15 -2.3577e-15 -1.2164e-15  1.8236e-14 -2.2370e-17 -1.4680e-14  1.2161e-14 -1.1230e-17 -9.7919e-15 -1.9231e-15  1.3134e-18 -5.1862e-15  3.2287e-17 -2.8474e-14  2.9658e-14  6.6469e-15  3.6548e-15 
 1.2900e+00  1.0168e-03  6.0953e-01  3.9968e-01  2.3690e-03  5.1888e-04  4.1943e-05  7.0952e-15 -3.5359e-15 -2.3592e-15 -1.2001e-15  1.8248e-14 -2.2357e-17 -1.4689e-14  1.2169e-14 -1.1131e-17 -9.7984e-15 -1.9085e-15  1.2519e-18 -5.1879e-15  3.2236e-17 -2.8508e-14  2.9676e-14  6.6469e-15  3.6548e-15 
 1.3000e+00  1.0405e-03  6.0953e-01  4.0341e-01  2.3827e-03  5.2278e-04  4.2788e-05  7.0824e-15 -3.5380e-15 -2.3605e-15 -1.1839e-15  1.8259e-14 -2.2343e-17 -1.4699e-14  1.2176e-14 -1.1029e-17 -9.8047e-15 -1.8939e-15  1.1892e-18 -5.1897e-15  3.2183e-17 -2.8541e-14  2.9693e-14  6.6469e-15  3.6549e-15 
 1.3100e+00  1.0644e-03  6.0953e-01  4.0711e-01  2.3960e-03  5.2664e-04  4.3638e-05  7.0696e-15 -3.5400e-15 -2.3619e-15 -1.1678e-15  1.8270e-14 -2.2328e-17 -1.4708e-14  1.2184e-14 -1.0925e-17 -9.8109e-15 -1.8794e-15  1.1254e-18 -5.1914e-15  3.2127e-17 -2.8575e-14  2.9710e-14  6.6469e-15  3.6549e-15 
 1.3200e+00  1.0885e-03  6.0953e-01  4.1079e-01  2.4090e-03  5.3047e-04  4.4493e-05  7.0569e-15 -3.5419e-15 -2.3632e-15 -1.1517e-15  1.8281e-14 -2.2312e-17 -1.4717e-14  1.2191e-14 -1.0818e-17 -9.8169e-15 -1.8649e-15  1.0605e-18 -5.1931e-15  3.2069e-17 -2.8607e-14  2.9727e-14  6.6469e-15  3.6549e-15 
 1.3300e+00  1.1126e-03  6.0954e-01  4.1446e-01  2.4216e-03  5.3426e-04  4.5354e-05  7.0442e-15 -3.5439e-15 -2.3646e-15 -1.1358e-15  1.8292e-14 -2.2295e-17 -1.4726e-14  1.2198e-14 -1.0708e-17 -9.8228e-15 -1.8504e-15  9.9434e-19 -5.1947e-15  3.2009e-17 -2.8639e-14  2.9743e-14  6.6469e-15  3.6549e-15 
 1.3400e+00  1.1369e-03  6.0954e-01  4.1810e-01  2.4338e-03  5.3801e-04  4.6220e-05  7.0315e-15 -3.5457e-15 -2.3658e-15 -1.1199e-15  1.8302e-14 -2.2277e-17 -1.4734e-14  1.2205e-14 -1.0596e-17 -9.8286e-15 -1.8360e-15  9.2698e-19 -5.1964e-15  3.1947e-17 -2.8671e-14  2.9759e-14  6.6469e-15  3.6549e-15 
 1.3500e+00  1.1613e-03  6.0954e-01  4.2172e-01  2.4457e-03  5.4172e-04  4.7091e-05  7.0188e-15 -3.5476e-15 -2.3671e-15 -1.1041e-15  1.8312e-14 -2.2259e-17 -1.4742e-14  1.2212e-14 -1.0482e-17 -9.8342e-15 -1.8216e-15  8.5836e-19 -5.1980e-15  3.1882e-17 -2.8702e-14  2.9775e-14  6.6469e-15  3.6549e-15 
 1.3600e+00  1.1858e-03  6.0954e-01  4.2532e-01  2.4573e-03  5.4541e-04  4.7968e-05  7.0061e-15 -3.5494e-15 -2.3683e-15 -1.0883e-15  1.8322e-14 -2.2239e-17 -1.4751e-14  1.2218e-14 -1.0364e-17 -9.8397e-15 -1.8072e-15  7.8846e-19 -5.1997e-15  3.1815e-17 -2.8733e-14  2.9790e-14  6.6469e-15  3.6549e-15 
 1.3700e+00  1.2104e-03  6.0954e-01  4.2890e-01  2.4685e-03  5.4906e-04  4.8850e-05  6.9934e-15 -3.5512e-15 -2.3696e-15 -1.0727e-15  1.8332e-14 -2.2218e-17 -1.4759e-14  1.2225e-14 -1.0244e-17 -9.8451e-15 -1.7929e-15  7.1724e-19 -5.2013e-15  3.1745e-17 -2.8764e-14  2.9805e-14  6.6469e-15  3.6549e-15 
 1.3800e+00  1.2352e-03  6.0954e-01  4.3246e-01  2.4794e-03  5.5268e-04  4.9737e-05  6.9808e-15 -3.5530e-15 -2.3708e-15 -1.0571e-15  1.8342e-14 -2.2197e-17 -1.4766e-14  1.2231e-14 -1.0121e-17 -9.8504e-15 -1.7786e-15  6.4468e-19 -5.2028e-15  3.1673e-17 -2.8794e-14  2.9820e-14  6.6469e-15  3.6549e-15 
 1.3900e+00  1.2600e-03  6.0954e-01  4.3601e-01  2.4899e-03  5.5627e-04  5.0630e-05  6.9681e-15 -3.5547e-15 -2.3720e-15 -1.0415e-15  1.8351e-14 -2.2174e-17 -1.4774e-14  1.2238e-14 -9.9948e-18 -9.8556e-15 -1.7643e-15  5.7075e-19 -5.2044e-15  3.1598e-17 -2.8824e-14  2.9834e-14  6.6469e-15  3.6549e-15 
 1.4000e+00  1.2850e-03  6.0954e-01  4.3954e-01  2.5001e-03  5.5983e-04  5.1527e-05  6.9555e-15 -3.5564e-15 -2.3731e-15 -1.0260e-15  1.8360e-14 -2.2151e-17 -1.4782e-14  1.2244e-14 -9.8659e-18 -9.8607e-15 -1.7501e-15  4.9540e-19 -5.2060e-15  3.1521e-17 -2.8854e-14  2.9848e-14  6.6469e-15  3.6549e-15 
 1.4100e+00  1.3100e-03  6.0954e-01  4.4305e-01  2.5101e-03  5.6336e-04  5.2430e-05  6.9429e-15 -3.5581e-15 -2.3743e-15 -1.0106e-15  1.8369e-14 -2.2126e-17 -1.4789e-14  1.2250e-14 -9.7340e-18 -9.8657e-15 -1.7358e-15  4.1862e-19 -5.2075e-15  3.1442e-17 -2.8883e-14  2.9862e-14  6.6469e-15  3.6549e-15 
 1.4200e+00  1.3352e-03  6.0954e-01  4.4655e-01  2.5197e-03  5.6687e-04  5.3338e-05  6.9303e-15 -3.5597e-15 -2.3754e-15 -9.9521e-16  1.8378e-14 -2.2101e-17 -1.4796e-14  1.2256e-14 -9.5991e-18 -9.8706e-15 -1.7217e-15  3.4035e-19 -5.2090e-15  3.1360e-17 -2.8912e-14  2.9876e-14  6.6469e-15  3.6549e-15 
 1.4300e+00  1.3604e-03  6.0954e-01  4.5003e-01  2.5290e-03  5.7035e-04  5.4251e-05  6.9177e-15 -3.5613e-15 -2.3765e-15 -9.7989e-16  1.8387e-14 -2.2075e-17 -1.4803e-14  1.2261e-14 -9.4611e-18 -9.8755e-15 -1.7075e-15  2.6057e-19 -5.2105e-15  3.1275e-17 -2.8941e-14  2.9889e-14  6.6469e-15  3.6549e-15 
 1.4400e+00  1.3857e-03  6.0954e-01  4.5350e-01  2.5380e-03  5.7381e-04  5.5170e-05  6.9051e-15 -3.5629e-15 -2.3776e-15 -9.6463e-16  1.8395e-14 -2.2047e-17 -1.4810e-14  1.2267e-14 -9.3199e-18 -9.8802e-15 -1.6934e-15  1.7925e-19 -5.2120e-15  3.1188e-17 -2.8969e-14  2.9902e-14  6.6468e-15  3.6549e-15 
 1.4500e+00  1.4111e-03  6.0954e-01  4.5695e-01  2.5467e-03  5.7725e-04  5.6093e-05  6.8926e-15 -3.5645e-15 -2.3787e-15 -9.4941e-16  1.8404e-14 -2.2019e-17 -1.4817e-14  1.2273e-14 -9.1755e-18 -9.8849e-15 -1.6793e-15  9.6329e-20 -5.2134e-15  3.1098e-17 -2.8997e-14  2.9915e-14  6.6468e-15  3.6549e-15 
 1.4600e+00  1.4367e-03  6.0954e-01  4.6040e-01  2.5552e-03  5.8066e-04  5.7022e-05  6.8800e-15 -3.5660e-15 -2.3797e-15 -9.3424e-16  1.8412e-14 -2.1990e-17 -1.4824e-14  1.2278e-14 -9.0278e-18 -9.8895e-15 -1.6652e-15  1.1787e-20 -5.2148e-15  3.1006e-17 -2.9025e-14  2.9928e-14  6.6468e-15  3.6549e-15 
 1.4700e+00  1.4622e-03  6.0954e-01  4.6383e-01  2.5633e-03  5.8405e-04  5.7956e-05  6.8675e-15 -3.5676e-15 -2.3808e-15 -9.1912e-16  1.8420e-14 -2.1959e-17 -1.4830e-14  1.2284e-14 -8.8767e-18 -9.8940e-15 -1.6511e-15 -7.4421e-20 -5.2163e-15  3.0910e-17 -2.9052e-14  2.9941e-14  6.6468e-15  3.6549e-15 
 1.4800e+00  1.4879e-03  6.0954e-01  4.6724e-01  2.5712e-03  5.8742e-04  5.8894e-05  6.8549e-15 -3.5691e-15 -2.3818e-15 -9.0405e-16  1.8428e-14 -2.1928e-17 -1.4837e-14  1.2289e-14 -8.7222e-18 -9.8984e-15 -1.6371e-15 -1.6234e-19 -5.2177e-15  3.0812e-17 -2.9080e-14  2.9953e-14  6.6468e-15  3.6549e-15 
 1.4900e+00  1.5137e-03  6.0954e-01  4.7065e-01  2.5788e-03  5.9077e-04  5.9838e-05  6.8424e-15 -3.5706e-15 -2.3828e-15 -8.8903e-16  1.8436e-14 -2.1895e-17 -1.4843e-14  1.2294e-14 -8.5641e-18 -9.9028e-15 -1.6231e-15 -2.5200e-19 -5.2190e-15  3.0712e-17 -2.9107e-14  2.9965e-14  6.6468e-15  3.6549e-15 
 1.5000e+00  1.5395e-03  6.0954e-01  4.7404e-01  2.5862e-03  5.9410e-04  6.0787e-05  6.8299e-15 -3.5720e-15 -2.3838e-15 -8.7404e-16  1.8443e-14 -2.1862e-17 -1.4850e-14  1.2299e-14 -8.4025e-18 -9.9071e-15 -1.6092e-15 -3.4345e-19 -5.2204e-15  3.0608e-17 -2.9134e-14  2.9977e-14  6.6468e-15  3.6549e-15 
 1.5100e+00  1.5654e-03  6.0954e-01  4.7743e-01  2.5933e-03  5.9741e-04  6.1741e-05  6.8174e-15 -3.5735e-15 -2.3848e-15 -8.5910e-16  1.8451e-14 -2.1827e-17 -1.4856e-14  1.2304e-14 -8.2372e-18 -9.9114e-15 -1.5952e-15 -4.3674e-19 -5.2218e-15  3.0501e-17 -2.9160e-14  2.9989e-14  6.6468e-15  3.6549e-15 
 1.5200e+00  1.5913e-03  6.0954e-01  4.8080e-01  2.6001e-03  6.0071e-04  6.2701e-05  6.8049e-15 -3.5749e-15 -2.3858e-15 -8.4421e-16  1.8459e-14 -2.1792e-17 -1.4862e-14  1.2309e-14 -8.0682e-18 -9.9156e-15 -1.5813e-15 -5.3191e-19 -5.2231e-15  3.0392e-17 -2.9187e-14  3.0000e-14  6.6468e-15  3.6549e-15 
 1.5300e+00  1.6174e-03  6.0954e-01  4.8417e-01  2.6067e-03  6.0399e-04  6.3665e-05  6.7924e-15 -3.5763e-15 -2.3868e-15 -8.2935e-16  1.8466e-14 -2.1755e-17 -1.4868e-14  1.2314e-14 -7.8953e-18 -9.9197e-15 -1.5674e-15 -6.2900e-19 -5.2244e-15  3.0279e-17 -2.9213e-14  3.0012e-14  6.6468e-15  3.6549e-15 
 1.5400e+00  1.6435e-03  6.0954e-01  4.8753e-01  2.6131e-03  6.0725e-04  6.4634e-05  6.7799e-15 -3.5777e-15 -2.3877e-15 -8.1453e-16  1.8473e-14 -2.1717e-17 -1.4874e-14  1.2319e-14 -7.7186e-18 -9.9238e-15 -1.5535e-15 -7.2807e-19 -5.2257e-15  3.0163e-17 -2.9239e-14  3.0023e-14  6.6468e-15  3.6549e-15 
 1.5500e+00  1.6696e-03  6.0954e-01  4.9087e-01  2.6192e-03  6.1050e-04  6.5609e-05  6.7675e-15 -3.5790e-15 -2.3887e-15 -7.9975e-16  1.8480e-14 -2.1678e-17 -1.4880e-14  1.2324e-14 -7.5378e-18 -9.9278e-15 -1.5397e-15 -8.2915e-19 -5.2270e-15  3.0045e-17 -2.9265e-14  3.0034e-14  6.6468e-15  3.6549e-15 
 1.5600e+00  1.6958e-03  6.0954e-01  4.9422e-01  2.6250e-03  6.1373e-04  6.6588e-05  6.7550e-15 -3.5804e-15 -2.3896e-15 -7.8501e-16  1.8487e-14 -2.1637e-17 -1.4885e-14  1.2329e-14 -7.3529e-18 -9.9317e-15 -1.5258e-15 -9.3232e-19 -5.2282e-15  2.9923e-17 -2.9290e-14  3.0045e-14  6.6468e-15  3.6549e-15 
 1.5700e+00  1.7221e-03  6.0954e-01  4.9755e-01  2.6307e-03  6.1695e-04  6.7573e-05  6.7426e-15 -3.5817e-15 -2.3906e-15 -7.7030e-16  1.8494e-14 -2.1596e-17 -1.4891e-14  1.2333e-14 -7.1638e-18 -9.9357e-15 -1.5120e-15 -1.0376e-18 -5.2295e-15  2.9797e-17 -2.9316e-14  3.0056e-14  6.6468e-15  3.6549e-15 
 1.5800e+00  1.7485e-03  6.0954e-01  5.0088e-01  2.6361e-03  6.2016e-04  6.8563e-05  6.7301e-15 -3.5830e-15 -2.3915e-15 -7.5563e-16  1.8501e-14 -2.1553e-17 -1.4897e-14  1.2338e-14 -6.9705e-18 -9.9395e-15 -1.4983e-15 -1.1451e-18 -5.2307e-15  2.9669e-17 -2.9341e-14  3.0067e-14  6.6468e-15  3.6549e-15 
 1.5900e+00  1.7748e-03  6.0954e-01  5.0420e-01  2.6413e-03  6.2336e-04  6.9558e-05  6.7177e-15 -3.5843e-15 -2.3924e-15 -7.4100e-16  1.8508e-14 -2.1509e-17 -1.4902e-14  1.2342e-14 -6.7727e-18 -9.9433e-15 -1.4845e-15 -1.2548e-18 -5.2320e-15  2.9537e-17 -2.9366e-14  3.0077e-14  6.6468e-15  3.6549e-15 
 1.6000e+00  1.8013e-03  6.0954e-01  5.0751e-01  2.6463e-03  6.2654e-04  7.0558e-05  6.7053e-15 -3.5856e-15 -2.3933e-15 -7.2639e-16  1.8515e-14 -2.1464e-17 -1.4908e-14  1.2347e-14 -6.5705e-18 -9.9471e-15 -1.4708e-15 -1.3667e-18 -5.2332e-15  2.9401e-17 -2.9391e-14  3.0088e-14  6.6468e-15  3.6549e-15 
 1.6100e+00  1.8278e-03  6.0954e-01  5.1082e-01  2.6511e-03  6.2971e-04  7.1563e-05  6.6929e-15 -3.5869e-15 -2.3941e-15 -7.1183e-16  1.8521e-14 -2.1417e-17 -1.4913e-14  1.2351e-14 -6.3637e-18 -9.9508e-15 -1.4570e-15 -1.4811e-18 -5.2343e-15  2.9262e-17 -2.9416e-14  3.0098e-14  6.6468e-15  3.6549e-15 
 1.6200e+00  1.8543e-03  6.0954e-01  5.1412e-01  2.6557e-03  6.3288e-04  7.2574e-05  6.6804e-15 -3.5881e-15 -2.3950e-15 -6.9729e-16  1.8528e-14 -2.1369e-17 -1.4918e-14  1.2356e-14 -6.1521e-18 -9.9545e-15 -1.4433e-15 -1.5978e-18 -5.2355e-15  2.9119e-17 -2.9440e-14  3.0108e-14  6.6468e-15  3.6549e-15 
 1.6300e+00  1.8809e-03  6.0954e-01  5.1742e-01  2.6601e-03  6.3603e-04  7.3589e-05  6.6680e-15 -3.5894e-15 -2.3959e-15 -6.8278e-16  1.8534e-14 -2.1320e-17 -1.4924e-14  1.2360e-14 -5.9358e-18 -9.9581e-15 -1.4297e-15 -1.7170e-18 -5.2367e-15  2.8973e-17 -2.9465e-14  3.0118e-14  6.6468e-15  3.6549e-15 
 1.6400e+00  1.9075e-03  6.0954e-01  5.2071e-01  2.6643e-03  6.3917e-04  7.4610e-05  6.6556e-15 -3.5906e-15 -2.3967e-15 -6.6831e-16  1.8541e-14 -2.1270e-17 -1.4929e-14  1.2364e-14 -5.7145e-18 -9.9617e-15 -1.4160e-15 -1.8387e-18 -5.2378e-15  2.8823e-17 -2.9489e-14  3.0128e-14  6.6468e-15  3.6549e-15 
 1.6500e+00  1.9342e-03  6.0954e-01  5.2400e-01  2.6683e-03  6.4231e-04  7.5636e-05  6.6433e-15 -3.5918e-15 -2.3976e-15 -6.5387e-16  1.8547e-14 -2.1218e-17 -1.4934e-14  1.2368e-14 -5.4882e-18 -9.9653e-15 -1.4023e-15 -1.9630e-18 -5.2389e-15  2.8669e-17 -2.9513e-14  3.0138e-14  6.6468e-15  3.6549e-15 
 1.6600e+00  1.9609e-03  6.0954e-01  5.2729e-01  2.6721e-03  6.4544e-04  7.6668e-05  6.6309e-15 -3.5930e-15 -2.3984e-15 -6.3945e-16  1.8553e-14 -2.1164e-17 -1.4939e-14  1.2372e-14 -5.2567e-18 -9.9688e-15 -1.3887e-15 -2.0899e-18 -5.2401e-15  2.8511e-17 -2.9537e-14  3.0148e-14  6.6468e-15  3.6549e-15 
 1.6700e+00  1.9876e-03  6.0954e-01  5.3057e-01  2.6757e-03  6.4856e-04  7.7704e-05  6.6185e-15 -3.5942e-15 -2.3992e-15 -6.2507e-16  1.8559e-14 -2.1109e-17 -1.4944e-14  1.2377e-14 -5.0199e-18 -9.9723e-15 -1.3751e-15 -2.2196e-18 -5.2412e-15  2.8349e-17 -2.9561e-14  3.0157e-14  6.6468e-15  3.6549e-15 
 1.6800e+00  2.0144e-03  6.0954e-01  5.3385e-01  2.6792e-03  6.5167e-04  7.8746e-05  6.6061e-15 -3.5954e-15 -2.4001e-15 -6.1071e-16  1.8565e-14 -2.1053e-17 -1.4949e-14  1.2381e-14 -4.7777e-18 -9.9757e-15 -1.3615e-15 -2.3521e-18 -5.2422e-15  2.8183e-17 -2.9584e-14  3.0167e-14  6.6468e-15  3.6549e-15 
 1.6900e+00  2.0412e-03  6.0954e-01  5.3713e-01  2.6825e-03  6.5478e-04  7.9794e-05  6.5938e-15 -3.5965e-15 -2.4009e-15 -5.9638e-16  1.8571e-14 -2.0995e-17 -1.4954e-14  1.2385e-14 -4.5299e-18 -9.9791e-15 -1.3480e-15 -2.4874e-18 -5.2433e-15  2.8012e-17 -2.9608e-14  3.0176e-14  6.6468e-15  3.6549e-15 
 1.7000e+00  2.0680e-03  6.0954e-01  5.4041e-01  2.6856e-03  6.5788e-04  8.0846e-05  6.5814e-15 -3.5977e-15 -2.4017e-15 -5.8208e-16  1.8577e-14 -2.0935e-17 -1.4958e-14  1.2388e-14 -4.2765e-18 -9.9825e-15 -1.3344e-15 -2.6257e-18 -5.2444e-15  2.7838e-17 -2.9631e-14  3.0185e-14  6.6468e-15  3.6549e-15 
 1.7100e+00  2.0949e-03  6.0954e-01  5.4368e-01  2.6885e-03  6.6097e-04  8.1905e-05  6.5691e-15 -3.5988e-15 -2.4025e-15 -5.6780e-16  1.8583e-14 -2.0874e-17 -1.4963e-14  1.2392e-14 -4.0172e-18 -9.9859e-15 -1.3209e-15 -2.7670e-18 -5.2454e-15  2.7658e-17 -2.9654e-14  3.0194e-14  6.6468e-15  3.6549e-15 
 1.7200e+00  2.1218e-03  6.0954e-01  5.4696e-01  2.6913e-03  6.6406e-04  8.2968e-05  6.5567e-15 -3.5999e-15 -2.4033e-15 -5.5355e-16  1.8589e-14 -2.0812e-17 -1.4968e-14  1.2396e-14 -3.7519e-18 -9.9892e-15 -1.3074e-15 -2.9113e-18 -5.2465e-15  2.7475e-17 -2.9677e-14  3.0204e-14  6.6468e-15  3.6549e-15 
 1.7300e+00  2.1487e-03  6.0954e-01  5.5023e-01  2.6939e-03  6.6715e-04  8.4037e-05  6.5444e-15 -3.6010e-15 -2.4040e-15 -5.3932e-16  1.8594e-14 -2.0747e-17 -1.4973e-14  1.2400e-14 -3.4805e-18 -9.9925e-15 -1.2939e-15 -3.0589e-18 -5.2475e-15  2.7287e-17 -2.9700e-14  3.0212e-14  6.6468e-15  3.6549e-15 
 1.7400e+00  2.1756e-03  6.0954e-01  5.5350e-01  2.6963e-03  6.7023e-04  8.5112e-05  6.5321e-15 -3.6021e-15 -2.4048e-15 -5.2512e-16  1.8600e-14 -2.0681e-17 -1.4977e-14  1.2404e-14 -3.2028e-18 -9.9957e-15 -1.2804e-15 -3.2097e-18 -5.2485e-15  2.7094e-17 -2.9723e-14  3.0221e-14  6.6467e-15  3.6549e-15 
 1.7500e+00  2.2026e-03  6.0954e-01  5.5677e-01  2.6986e-03  6.7331e-04  8.6192e-05  6.5197e-15 -3.6032e-15 -2.4056e-15 -5.1095e-16  1.8606e-14 -2.0613e-17 -1.4982e-14  1.2407e-14 -2.9187e-18 -9.9989e-15 -1.2669e-15 -3.3638e-18 -5.2495e-15  2.6896e-17 -2.9746e-14  3.0230e-14  6.6467e-15  3.6549e-15 
 1.7600e+00  2.2296e-03  6.0954e-01  5.6004e-01  2.7008e-03  6.7639e-04  8.7277e-05  6.5074e-15 -3.6043e-15 -2.4063e-15 -4.9680e-16  1.8611e-14 -2.0543e-17 -1.4986e-14  1.2411e-14 -2.6279e-18 -1.0002e-14 -1.2535e-15 -3.5213e-18 -5.2504e-15  2.6693e-17 -2.9769e-14  3.0239e-14  6.6467e-15  3.6549e-15 
 1.7700e+00  2.2566e-03  6.0954e-01  5.6331e-01  2.7028e-03  6.7946e-04  8.8368e-05  6.4951e-15 -3.6053e-15 -2.4071e-15 -4.8267e-16  1.8617e-14 -2.0472e-17 -1.4991e-14  1.2415e-14 -2.3304e-18 -1.0005e-14 -1.2400e-15 -3.6824e-18 -5.2514e-15  2.6485e-17 -2.9791e-14  3.0247e-14  6.6467e-15  3.6549e-15 
 1.7800e+00  2.2837e-03  6.0954e-01  5.6659e-01  2.7047e-03  6.8253e-04  8.9465e-05  6.4828e-15 -3.6064e-15 -2.4078e-15 -4.6856e-16  1.8622e-14 -2.0398e-17 -1.4995e-14  1.2418e-14 -2.0260e-18 -1.0008e-14 -1.2266e-15 -3.8471e-18 -5.2524e-15  2.6272e-17 -2.9814e-14  3.0256e-14  6.6467e-15  3.6549e-15 
 1.7900e+00  2.3107e-03  6.0954e-01  5.6986e-01  2.7064e-03  6.8560e-04  9.0568e-05  6.4705e-15 -3.6074e-15 -2.4086e-15 -4.5448e-16  1.8627e-14 -2.0323e-17 -1.4999e-14  1.2422e-14 -1.7144e-18 -1.0012e-14 -1.2132e-15 -4.0154e-18 -5.2533e-15  2.6053e-17 -2.9836e-14  3.0264e-14  6.6467e-15  3.6549e-15 
 1.8000e+00  2.3378e-03  6.0954e-01  5.7313e-01  2.7080e-03  6.8867e-04  9.1676e-05  6.4582e-15 -3.6085e-15 -2.4093e-15 -4.4042e-16  1.8632e-14 -2.0246e-17 -1.5004e-14  1.2425e-14 -1.3955e-18 -1.0015e-14 -1.1998e-15 -4.1876e-18 -5.2542e-15  2.5829e-17 -2.9858e-14  3.0273e-14  6.6467e-15  3.6549e-15 
