 0.0000e+00  9.8067e-12  5.1517e-01  4.1864e-02  2.8062e-10  6.9571e-11  2.5301e-12  8.3710e-15 -2.2210e-16 -1.4810e-16 -8.0008e-15  1.0490e-15 -3.0134e-20 -8.2690e-16  6.9948e-16 -3.0946e-21 -5.5137e-16 -3.3753e-16  1.7473e-21 -8.0335e-15  3.1482e-20 -1.4110e-15  9.4118e-15  5.6286e-15  3.1253e-15 
 1.0000e-02  1.3055e-11  5.1517e-01  4.1864e-02  3.7354e-10  9.2028e-11  3.3680e-12  8.3144e-15 -2.3672e-16 -1.5785e-16 -7.9198e-15  1.1230e-15 -3.1536e-20 -8.8624e-16  7.4879e-16 -2.7761e-21 -5.9094e-16 -3.5706e-16  1.4290e-21 -7.9573e-15  3.2883e-20 -1.5147e-15  9.4345e-15  5.6286e-15  3.1253e-15 
 2.0000e-02  1.7380e-11  5.1517e-01  4.1864e-02  4.9722e-10  1.2172e-10  4.4831e-12  8.2594e-15 -2.5221e-16 -1.6818e-16 -7.8390e-15  1.2018e-15 -3.2974e-20 -9.4955e-16  8.0134e-16 -2.3908e-21 -6.3316e-16 -3.7754e-16  1.0622e-21 -7.8819e-15  3.4303e-20 -1.6256e-15  9.4646e-15  5.6286e-15  3.1253e-15 
 3.0000e-02  2.3136e-11  5.1517e-01  4.1864e-02  6.6180e-10  1.6099e-10  5.9673e-12  8.2060e-15 -2.6863e-16 -1.7913e-16 -7.7583e-15  1.2857e-15 -3.4447e-20 -1.0171e-15  8.5731e-16 -1.9307e-21 -6.7818e-16 -3.9897e-16  6.4221e-22 -7.8071e-15  3.5735e-20 -1.7441e-15  9.5023e-15  5.6286e-15  3.1253e-15 
 4.0000e-02  3.0797e-11  5.1517e-01  4.1864e-02  8.8081e-10  2.1289e-10  7.9425e-12  8.1542e-15 -2.8601e-16 -1.9072e-16 -7.6775e-15  1.3750e-15 -3.5951e-20 -1.0890e-15  9.1686e-16 -1.3869e-21 -7.2614e-16 -4.2139e-16  1.6392e-22 -7.7328e-15  3.7174e-20 -1.8705e-15  9.5480e-15  5.6286e-15  3.1253e-15 
 5.0000e-02  4.0993e-11  5.1517e-01  4.1864e-02  1.1722e-09  2.8151e-10  1.0571e-11  8.1039e-15 -3.0440e-16 -2.0298e-16 -7.5966e-15  1.4700e-15 -3.7482e-20 -1.1656e-15  9.8018e-16 -7.4993e-22 -7.7720e-16 -4.4481e-16 -3.7807e-22 -7.6591e-15  3.8610e-20 -2.0054e-15  9.6019e-15  5.6286e-15  3.1253e-15 
 6.0000e-02  5.4561e-11  5.1517e-01  4.1864e-02  1.5599e-09  3.7219e-10  1.4069e-11  8.0552e-15 -3.2384e-16 -2.1594e-16 -7.5154e-15  1.5709e-15 -3.9036e-20 -1.2470e-15  1.0475e-15 -9.2083e-24 -8.3151e-16 -4.6925e-16 -9.8956e-22 -7.5859e-15  4.0035e-20 -2.1491e-15  9.6644e-15  5.6286e-15  3.1253e-15 
 7.0000e-02  7.2616e-11  5.1517e-01  4.1864e-02  2.0756e-09  4.9201e-10  1.8722e-11  8.0079e-15 -3.4436e-16 -2.2963e-16 -7.4339e-15  1.6780e-15 -4.0609e-20 -1.3336e-15  1.1189e-15  8.4655e-22 -8.8922e-16 -4.9474e-16 -1.6767e-21 -7.5131e-15  4.1439e-20 -2.3021e-15  9.7359e-15  5.6286e-15  3.1253e-15 
 8.0000e-02  9.6640e-11  5.1517e-01  4.1864e-02  2.7616e-09  6.5032e-10  2.4914e-11  7.9620e-15 -3.6601e-16 -2.4407e-16 -7.3519e-15  1.7915e-15 -4.2193e-20 -1.4255e-15  1.1946e-15  1.8296e-21 -9.5050e-16 -5.2126e-16 -2.4461e-21 -7.4407e-15  4.2810e-20 -2.4648e-15  9.8167e-15  5.6286e-15  3.1253e-15 
 9.0000e-02  1.2860e-10  5.1517e-01  4.1864e-02  3.6737e-09  8.5942e-10  3.3150e-11  7.9175e-15 -3.8882e-16 -2.5928e-16 -7.2694e-15  1.9118e-15 -4.3784e-20 -1.5229e-15  1.2748e-15  2.9532e-21 -1.0155e-15 -5.4884e-16 -3.3047e-21 -7.3687e-15  4.4135e-20 -2.6377e-15  9.9071e-15  5.6286e-15  3.1253e-15 
 1.0000e-01  1.7111e-10  5.1517e-01  4.1864e-02  4.8865e-09  1.1355e-09  4.4104e-11  7.8744e-15 -4.1284e-16 -2.7529e-16 -7.1863e-15  2.0391e-15 -4.5372e-20 -1.6262e-15  1.3596e-15  4.2315e-21 -1.0843e-15 -5.7747e-16 -4.2598e-21 -7.2969e-15  4.5401e-20 -2.8212e-15  1.0007e-14  5.6286e-15  3.1253e-15 
 1.1000e-01  2.2766e-10  5.1517e-01  4.1864e-02  6.4986e-09  1.5001e-09  5.8672e-11  7.8326e-15 -4.3808e-16 -2.9212e-16 -7.1024e-15  2.1736e-15 -4.6951e-20 -1.7354e-15  1.4493e-15  5.6798e-21 -1.1572e-15 -6.0715e-16 -5.3192e-21 -7.2255e-15  4.6591e-20 -3.0157e-15  1.0118e-14  5.6286e-15  3.1253e-15 
 1.2000e-01  3.0285e-10  5.1517e-01  4.1865e-02  8.6409e-09  1.9812e-09  7.8042e-11  7.7922e-15 -4.6458e-16 -3.0979e-16 -7.0178e-15  2.3155e-15 -4.8511e-20 -1.8509e-15  1.5440e-15  7.3144e-21 -1.2342e-15 -6.3786e-16 -6.4911e-21 -7.1543e-15  4.7688e-20 -3.2216e-15  1.0239e-14  5.6286e-15  3.1253e-15 
 1.3000e-01  4.0282e-10  5.1517e-01  4.1865e-02  1.1487e-08  2.6159e-09  1.0379e-10  7.7530e-15 -4.9237e-16 -3.2833e-16 -6.9323e-15  2.4652e-15 -5.0042e-20 -1.9728e-15  1.6438e-15  9.1527e-21 -1.3155e-15 -6.6959e-16 -7.7839e-21 -7.0834e-15  4.8673e-20 -3.4394e-15  1.0372e-14  5.6286e-15  3.1253e-15 
 1.4000e-01  5.3569e-10  5.1517e-01  4.1865e-02  1.5267e-08  3.4530e-09  1.3802e-10  7.7151e-15 -5.2147e-16 -3.4773e-16 -6.8459e-15  2.6228e-15 -5.1533e-20 -2.1013e-15  1.7488e-15  1.1213e-20 -1.4011e-15 -7.0231e-16 -9.2067e-21 -7.0128e-15  4.9527e-20 -3.6693e-15  1.0515e-14  5.6286e-15  3.1253e-15 
 1.5000e-01  7.1227e-10  5.1517e-01  4.1866e-02  2.0284e-08  4.5565e-09  1.8349e-10  7.6784e-15 -5.5190e-16 -3.6802e-16 -6.7585e-15  2.7884e-15 -5.2973e-20 -2.2365e-15  1.8593e-15  1.3515e-20 -1.4913e-15 -7.3599e-16 -1.0769e-20 -6.9424e-15  5.0226e-20 -3.9118e-15  1.0670e-14  5.6286e-15  3.1253e-15 
 1.6000e-01  9.4683e-10  5.1517e-01  4.1867e-02  2.6942e-08  6.0104e-09  2.4389e-10  7.6429e-15 -5.8366e-16 -3.8920e-16 -6.6701e-15  2.9623e-15 -5.4348e-20 -2.3786e-15  1.9753e-15  1.6079e-20 -1.5861e-15 -7.7058e-16 -1.2479e-20 -6.8723e-15  5.0748e-20 -4.1670e-15  1.0837e-14  5.6286e-15  3.1253e-15 
 1.7000e-01  1.2583e-09  5.1517e-01  4.1868e-02  3.5773e-08  7.9250e-09  3.2409e-10  7.6086e-15 -6.1676e-16 -4.1127e-16 -6.5805e-15  3.1446e-15 -5.5645e-20 -2.5278e-15  2.0968e-15  1.8928e-20 -1.6855e-15 -8.0604e-16 -1.4349e-20 -6.8025e-15  5.1067e-20 -4.4353e-15  1.1016e-14  5.6286e-15  3.1253e-15 
 1.8000e-01  1.6718e-09  5.1517e-01  4.1869e-02  4.7476e-08  1.0444e-08  4.3054e-10  7.5753e-15 -6.5120e-16 -4.3424e-16 -6.4899e-15  3.3352e-15 -5.6850e-20 -2.6840e-15  2.2239e-15  2.2082e-20 -1.7897e-15 -8.4230e-16 -1.6387e-20 -6.7330e-15  5.1155e-20 -4.7169e-15  1.1207e-14  5.6286e-15  3.1253e-15 
 1.9000e-01  2.2205e-09  5.1517e-01  4.1871e-02  6.2978e-08  1.3758e-08  5.7177e-10  7.5432e-15 -6.8698e-16 -4.5809e-16 -6.3981e-15  3.5344e-15 -5.7947e-20 -2.8474e-15  2.3567e-15  2.5567e-20 -1.8986e-15 -8.7931e-16 -1.8605e-20 -6.6639e-15  5.0985e-20 -5.0118e-15  1.1410e-14  5.6286e-15  3.1253e-15 
 2.0000e-01  2.9481e-09  5.1517e-01  4.1873e-02  8.3494e-08  1.8111e-08  7.5902e-10  7.5121e-15 -7.2406e-16 -4.8282e-16 -6.3052e-15  3.7420e-15 -5.8921e-20 -3.0179e-15  2.4951e-15  2.9406e-20 -2.0123e-15 -9.1698e-16 -2.1013e-20 -6.5951e-15  5.0528e-20 -5.3202e-15  1.1625e-14  5.6286e-15  3.1253e-15 
 2.1000e-01  3.9124e-09  5.1517e-01  4.1877e-02  1.1062e-07  2.3825e-08  1.0071e-09  7.4821e-15 -7.6243e-16 -5.0841e-16 -6.2112e-15  3.9581e-15 -5.9754e-20 -3.1956e-15  2.6392e-15  3.3625e-20 -2.1308e-15 -9.5522e-16 -2.3622e-20 -6.5268e-15  4.9751e-20 -5.6420e-15  1.1853e-14  5.6286e-15  3.1253e-15 
 2.2000e-01  5.1895e-09  5.1517e-01  4.1881e-02  1.4646e-07  3.1318e-08  1.3357e-09  7.4530e-15 -8.0206e-16 -5.3483e-16 -6.1161e-15  4.1824e-15 -6.0431e-20 -3.3803e-15  2.7888e-15  3.8250e-20 -2.2540e-15 -9.9395e-16 -2.6442e-20 -6.4590e-15  4.8623e-20 -5.9773e-15  1.2093e-14  5.6286e-15  3.1253e-15 
 2.3000e-01  6.8796e-09  5.1517e-01  4.1887e-02  1.9374e-07  4.1132e-08  1.7704e-09  7.4249e-15 -8.4289e-16 -5.6206e-16 -6.0199e-15  4.4150e-15 -6.0932e-20 -3.5720e-15  2.9439e-15  4.3306e-20 -2.3818e-15 -1.0331e-15 -2.9485e-20 -6.3918e-15  4.7111e-20 -6.3258e-15  1.2346e-14  5.6286e-15  3.1253e-15 
 2.4000e-01  9.1143e-09  5.1517e-01  4.1894e-02  2.5605e-07  5.3967e-08  2.3450e-09  7.3977e-15 -8.8487e-16 -5.9006e-16 -5.9228e-15  4.6554e-15 -6.1242e-20 -3.7705e-15  3.1042e-15  4.8822e-20 -2.5142e-15 -1.0725e-15 -3.2762e-20 -6.3252e-15  4.5182e-20 -6.6872e-15  1.2610e-14  5.6286e-15  3.1253e-15 
 2.5000e-01  1.2066e-08  5.1517e-01  4.1904e-02  3.3802e-07  7.0729e-08  3.1037e-09  7.3714e-15 -9.2794e-16 -6.1878e-16 -5.8246e-15  4.9036e-15 -6.1341e-20 -3.9756e-15  3.2697e-15  5.4823e-20 -2.6510e-15 -1.1120e-15 -3.6283e-20 -6.2593e-15  4.2801e-20 -7.0613e-15  1.2886e-14  5.6286e-15  3.1253e-15 
 2.6000e-01  1.5960e-08  5.1517e-01  4.1918e-02  4.4569e-07  9.2580e-08  4.1043e-09  7.3459e-15 -9.7203e-16 -6.4818e-16 -5.7257e-15  5.1591e-15 -6.1213e-20 -4.1870e-15  3.4400e-15  6.1337e-20 -2.7919e-15 -1.1516e-15 -4.0060e-20 -6.1942e-15  3.9935e-20 -7.4476e-15  1.3173e-14  5.6286e-15  3.1253e-15 
 2.7000e-01  2.1091e-08  5.1517e-01  4.1935e-02  5.8684e-07  1.2101e-07  5.4221e-09  7.3211e-15 -1.0170e-15 -6.7820e-16 -5.6259e-15  5.4215e-15 -6.0839e-20 -4.4044e-15  3.6150e-15  6.8391e-20 -2.9369e-15 -1.1911e-15 -4.4102e-20 -6.1300e-15  3.6550e-20 -7.8455e-15  1.3471e-14  5.6286e-15  3.1253e-15 
 2.8000e-01  2.7842e-08  5.1517e-01  4.1958e-02  7.7150e-07  1.5792e-07  7.1547e-09  7.2972e-15 -1.0629e-15 -7.0878e-16 -5.5255e-15  5.6905e-15 -6.0204e-20 -4.6275e-15  3.7944e-15  7.6012e-20 -3.0857e-15 -1.2304e-15 -4.8421e-20 -6.0668e-15  3.2612e-20 -8.2545e-15  1.3780e-14  5.6286e-15  3.1253e-15 
 2.9000e-01  3.6708e-08  5.1517e-01  4.1988e-02  1.0125e-06  2.0573e-07  9.4286e-09  7.2740e-15 -1.1095e-15 -7.3986e-16 -5.4246e-15  5.9654e-15 -5.9290e-20 -4.8558e-15  3.9777e-15  8.4226e-20 -3.2379e-15 -1.2693e-15 -5.3025e-20 -6.0046e-15  2.8089e-20 -8.6738e-15  1.4098e-14  5.6286e-15  3.1253e-15 
 3.0000e-01  4.8333e-08  5.1517e-01  4.2027e-02  1.3261e-06  2.6748e-07  1.2407e-08  7.2514e-15 -1.1567e-15 -7.7136e-16 -5.3233e-15  6.2457e-15 -5.8083e-20 -5.0889e-15  4.1646e-15  9.3059e-20 -3.3933e-15 -1.3078e-15 -5.7926e-20 -5.9436e-15  2.2950e-20 -9.1026e-15  1.4426e-14  5.6286e-15  3.1253e-15 
 3.1000e-01  6.3542e-08  5.1517e-01  4.2078e-02  1.7332e-06  3.4701e-07  1.6298e-08  7.2295e-15 -1.2045e-15 -8.0321e-16 -5.2218e-15  6.5309e-15 -5.6568e-20 -5.3263e-15  4.3547e-15  1.0253e-19 -3.5516e-15 -1.3456e-15 -6.3132e-20 -5.8838e-15  1.7165e-20 -9.5400e-15  1.4762e-14  5.6286e-15  3.1253e-15 
 3.2000e-01  8.3394e-08  5.1517e-01  4.2145e-02  2.2597e-06  4.4910e-07  2.1370e-08  7.2082e-15 -1.2527e-15 -8.3533e-16 -5.1202e-15  6.8201e-15 -5.4732e-20 -5.5674e-15  4.5476e-15  1.1268e-19 -3.7124e-15 -1.3828e-15 -6.8651e-20 -5.8253e-15  1.0705e-20 -9.9850e-15  1.5105e-14  5.6286e-15  3.1253e-15 
 3.3000e-01  1.0924e-07  5.1517e-01  4.2232e-02  2.9383e-06  5.7968e-07  2.7959e-08  7.1874e-15 -1.3011e-15 -8.6763e-16 -5.0187e-15  7.1128e-15 -5.2564e-20 -5.8117e-15  4.7428e-15  1.2351e-19 -3.8753e-15 -1.4190e-15 -7.4493e-20 -5.7683e-15  3.5457e-21 -1.0437e-14  1.5455e-14  5.6286e-15  3.1253e-15 
 3.4000e-01  1.4280e-07  5.1517e-01  4.2345e-02  3.8097e-06  7.4608e-07  3.6492e-08  7.1671e-15 -1.3497e-15 -9.0003e-16 -4.9174e-15  7.4082e-15 -5.0053e-20 -6.0585e-15  4.9398e-15  1.3505e-19 -4.0399e-15 -1.4543e-15 -8.0665e-20 -5.7128e-15 -4.3373e-21 -1.0894e-14  1.5811e-14  5.6286e-15  3.1253e-15 
 3.5000e-01  1.8624e-07  5.1517e-01  4.2489e-02  4.9239e-06  9.5725e-07  4.7499e-08  7.1474e-15 -1.3983e-15 -9.3245e-16 -4.8166e-15  7.7056e-15 -4.7191e-20 -6.3072e-15  5.1380e-15  1.4733e-19 -4.2057e-15 -1.4885e-15 -8.7174e-20 -5.6588e-15 -1.2965e-20 -1.1355e-14  1.6172e-14  5.6286e-15  3.1253e-15 
 3.6000e-01  2.4229e-07  5.1517e-01  4.2675e-02  6.3424e-06  1.2241e-06  6.1639e-08  7.1281e-15 -1.4468e-15 -9.6479e-16 -4.7165e-15  8.0041e-15 -4.3970e-20 -6.5572e-15  5.3371e-15  1.6035e-19 -4.3725e-15 -1.5214e-15 -9.4028e-20 -5.6065e-15 -2.2355e-20 -1.1820e-14  1.6536e-14  5.6286e-15  3.1253e-15 
 3.7000e-01  3.1435e-07  5.1517e-01  4.2913e-02  8.1398e-06  1.5597e-06  7.9719e-08  7.1092e-15 -1.4951e-15 -9.9697e-16 -4.6171e-15  8.3029e-15 -4.0387e-20 -6.8078e-15  5.5364e-15  1.7414e-19 -4.5396e-15 -1.5531e-15 -1.0123e-19 -5.5560e-15 -3.2523e-20 -1.2286e-14  1.6903e-14  5.6286e-15  3.1253e-15 
 3.8000e-01  4.0665e-07  5.1517e-01  4.3215e-02  1.0407e-05  1.9798e-06  1.0272e-07  7.0907e-15 -1.5430e-15 -1.0289e-15 -4.5188e-15  8.6014e-15 -3.6438e-20 -7.0584e-15  5.7354e-15  1.8871e-19 -4.7067e-15 -1.5834e-15 -1.0879e-19 -5.5072e-15 -4.3481e-20 -1.2753e-14  1.7272e-14  5.6286e-15  3.1253e-15 
 3.9000e-01  5.2441e-07  5.1517e-01  4.3596e-02  1.3251e-05  2.5033e-06  1.3180e-07  7.0725e-15 -1.5904e-15 -1.0605e-15 -4.4216e-15  8.8987e-15 -3.2121e-20 -7.3083e-15  5.9336e-15  2.0408e-19 -4.8733e-15 -1.6122e-15 -1.1672e-19 -5.4602e-15 -5.5240e-20 -1.3220e-14  1.7642e-14  5.6286e-15  3.1253e-15 
 4.0000e-01  6.7402e-07  5.1517e-01  4.4075e-02  1.6801e-05  3.1522e-06  1.6836e-07  7.0547e-15 -1.6372e-15 -1.0918e-15 -4.3258e-15  9.1941e-15 -2.7437e-20 -7.5569e-15  6.1306e-15  2.2025e-19 -5.0391e-15 -1.6395e-15 -1.2501e-19 -5.4151e-15 -6.7804e-20 -1.3685e-14  1.8011e-14  5.6286e-15  3.1253e-15 
 4.1000e-01  8.6329e-07  5.1517e-01  4.4671e-02  2.1210e-05  3.9526e-06  2.1400e-07  7.0372e-15 -1.6833e-15 -1.1225e-15 -4.2314e-15  9.4868e-15 -2.2388e-20 -7.8034e-15  6.3258e-15  2.3723e-19 -5.2035e-15 -1.6652e-15 -1.3367e-19 -5.3718e-15 -8.1178e-20 -1.4147e-14  1.8379e-14  5.6286e-15  3.1253e-15 
 4.2000e-01  1.1017e-06  5.1517e-01  4.5407e-02  2.6657e-05  4.9350e-06  2.7055e-07  7.0200e-15 -1.7286e-15 -1.1527e-15 -4.1387e-15  9.7761e-15 -1.6977e-20 -8.0475e-15  6.5187e-15  2.5504e-19 -5.3662e-15 -1.6893e-15 -1.4270e-19 -5.3305e-15 -9.5363e-20 -1.4605e-14  1.8744e-14  5.6286e-15  3.1253e-15 
 4.3000e-01  1.4006e-06  5.1517e-01  4.6310e-02  3.3349e-05  6.1345e-06  3.4009e-07  7.0030e-15 -1.7730e-15 -1.1823e-15 -4.0477e-15  1.0061e-14 -1.1210e-20 -8.2884e-15  6.7089e-15  2.7368e-19 -5.5269e-15 -1.7118e-15 -1.5212e-19 -5.2911e-15 -1.1036e-19 -1.5058e-14  1.9106e-14  5.6286e-15  3.1253e-15 
 4.4000e-01  1.7736e-06  5.1517e-01  4.7406e-02  4.1525e-05  7.5915e-06  4.2487e-07  6.9863e-15 -1.8163e-15 -1.2112e-15 -3.9587e-15  1.0342e-14 -5.0928e-21 -8.5256e-15  6.8960e-15  2.9316e-19 -5.6851e-15 -1.7325e-15 -1.6191e-19 -5.2536e-15 -1.2616e-19 -1.5505e-14  1.9464e-14  5.6286e-15  3.1253e-15 
 4.5000e-01  2.2369e-06  5.1517e-01  4.8725e-02  5.1455e-05  9.3515e-06  5.2734e-07  6.9697e-15 -1.8586e-15 -1.2395e-15 -3.8716e-15  1.0617e-14  1.3674e-21 -8.7587e-15  7.0797e-15  3.1348e-19 -5.8405e-15 -1.7516e-15 -1.7209e-19 -5.2180e-15 -1.4275e-19 -1.5945e-14  1.9817e-14  5.6286e-15  3.1253e-15 
 4.6000e-01  2.8095e-06  5.1517e-01  5.0296e-02  6.3439e-05  1.1465e-05  6.5004e-07  6.9534e-15 -1.8998e-15 -1.2669e-15 -3.7867e-15  1.0887e-14  8.1617e-21 -8.9872e-15  7.2595e-15  3.3464e-19 -5.9929e-15 -1.7689e-15 -1.8266e-19 -5.1843e-15 -1.6014e-19 -1.6378e-14  2.0164e-14  5.6286e-15  3.1253e-15 
 4.7000e-01  3.5136e-06  5.1517e-01  5.2148e-02  7.7804e-05  1.3986e-05  7.9556e-07  6.9373e-15 -1.9398e-15 -1.2936e-15 -3.7039e-15  1.1150e-14  1.5281e-20 -9.2107e-15  7.4351e-15  3.5665e-19 -6.1419e-15 -1.7846e-15 -1.9362e-19 -5.1525e-15 -1.7831e-19 -1.6801e-14  2.0505e-14  5.6286e-15  3.1253e-15 
 4.8000e-01  4.3747e-06  5.1517e-01  5.4307e-02  9.4889e-05  1.6971e-05  9.6645e-07  6.9214e-15 -1.9785e-15 -1.3194e-15 -3.6234e-15  1.1407e-14  2.2716e-20 -9.4288e-15  7.6064e-15  3.7951e-19 -6.2874e-15 -1.7986e-15 -2.0497e-19 -5.1225e-15 -1.9725e-19 -1.7215e-14  2.0839e-14  5.6286e-15  3.1253e-15 
 4.9000e-01  5.4216e-06  5.1517e-01  5.6796e-02  1.1504e-04  2.0476e-05  1.1651e-06  6.9056e-15 -2.0159e-15 -1.3444e-15 -3.5452e-15  1.1657e-14  3.0455e-20 -9.6412e-15  7.7730e-15  4.0321e-19 -6.4290e-15 -1.8110e-15 -2.1672e-19 -5.0944e-15 -2.1695e-19 -1.7619e-14  2.1165e-14  5.6286e-15  3.1253e-15 
 5.0000e-01  6.6867e-06  5.1517e-01  5.9633e-02  1.3857e-04  2.4555e-05  1.3938e-06  6.8899e-15 -2.0521e-15 -1.3685e-15 -3.4694e-15  1.1900e-14  3.8489e-20 -9.8477e-15  7.9348e-15  4.2776e-19 -6.5668e-15 -1.8218e-15 -2.2886e-19 -5.0679e-15 -2.3739e-19 -1.8013e-14  2.1482e-14  5.6286e-15  3.1253e-15 
 5.1000e-01  8.2051e-06  5.1517e-01  6.2833e-02  1.6576e-04  2.9252e-05  1.6544e-06  6.8744e-15 -2.0869e-15 -1.3917e-15 -3.3958e-15  1.2135e-14  4.6806e-20 -1.0048e-14  8.0916e-15  4.5317e-19 -6.7004e-15 -1.8310e-15 -2.4140e-19 -5.0432e-15 -2.5857e-19 -1.8396e-14  2.1792e-14  5.6286e-15  3.1253e-15 
 5.2000e-01  1.0015e-05  5.1517e-01  6.6399e-02  1.9683e-04  3.4602e-05  1.9483e-06  6.8591e-15 -2.1204e-15 -1.4140e-15 -3.3247e-15  1.2362e-14  5.5397e-20 -1.0242e-14  8.2433e-15  4.7942e-19 -6.8298e-15 -1.8387e-15 -2.5434e-19 -5.0201e-15 -2.8047e-19 -1.8767e-14  2.2092e-14  5.6286e-15  3.1253e-15 
 5.3000e-01  1.2155e-05  5.1517e-01  7.0332e-02  2.3191e-04  4.0621e-05  2.2766e-06  6.8438e-15 -2.1525e-15 -1.4355e-15 -3.2559e-15  1.2582e-14  6.4250e-20 -1.0430e-14  8.3899e-15  5.0651e-19 -6.9549e-15 -1.8449e-15 -2.6769e-19 -4.9987e-15 -3.0308e-19 -1.9127e-14  2.2383e-14  5.6286e-15  3.1253e-15 
 5.4000e-01  1.4666e-05  5.1517e-01  7.4624e-02  2.7100e-04  4.7309e-05  2.6399e-06  6.8287e-15 -2.1833e-15 -1.4560e-15 -3.1895e-15  1.2794e-14  7.3356e-20 -1.0611e-14  8.5311e-15  5.3446e-19 -7.0757e-15 -1.8497e-15 -2.8144e-19 -4.9787e-15 -3.2638e-19 -1.9475e-14  2.2665e-14  5.6286e-15  3.1253e-15 
 5.5000e-01  1.7588e-05  5.1517e-01  7.9258e-02  3.1400e-04  5.4647e-05  3.0382e-06  6.8137e-15 -2.2127e-15 -1.4757e-15 -3.1253e-15  1.2998e-14  8.2706e-20 -1.0785e-14  8.6672e-15  5.6325e-19 -7.1921e-15 -1.8532e-15 -2.9559e-19 -4.9602e-15 -3.5036e-19 -1.9812e-14  2.2938e-14  5.6286e-15  3.1253e-15 
 5.6000e-01  2.0959e-05  5.1517e-01  8.4214e-02  3.6068e-04  6.2591e-05  3.4712e-06  6.7989e-15 -2.2409e-15 -1.4945e-15 -3.0635e-15  1.3194e-14  9.2291e-20 -1.0953e-14  8.7979e-15  5.9289e-19 -7.3041e-15 -1.8554e-15 -3.1016e-19 -4.9432e-15 -3.7502e-19 -2.0137e-14  2.3201e-14  5.6286e-15  3.1253e-15 
 5.7000e-01  2.4813e-05  5.1517e-01  8.9466e-02  4.1072e-04  7.1085e-05  3.9380e-06  6.7841e-15 -2.2678e-15 -1.5124e-15 -3.0039e-15  1.3382e-14  1.0210e-19 -1.1115e-14  8.9235e-15  6.2338e-19 -7.4117e-15 -1.8563e-15 -3.2514e-19 -4.9275e-15 -4.0034e-19 -2.0450e-14  2.3454e-14  5.6286e-15  3.1253e-15 
 5.8000e-01  2.9182e-05  5.1517e-01  9.4984e-02  4.6367e-04  8.0054e-05  4.4375e-06  6.7694e-15 -2.2934e-15 -1.5295e-15 -2.9465e-15  1.3563e-14  1.1213e-19 -1.1270e-14  9.0439e-15  6.5472e-19 -7.5151e-15 -1.8561e-15 -3.4054e-19 -4.9130e-15 -4.2631e-19 -2.0751e-14  2.3698e-14  5.6286e-15  3.1253e-15 
 5.9000e-01  3.4094e-05  5.1517e-01  1.0074e-01  5.1905e-04  8.9412e-05  4.9680e-06  6.7548e-15 -2.3178e-15 -1.5458e-15 -2.8912e-15  1.3736e-14  1.2237e-19 -1.1418e-14  9.1592e-15  6.8692e-19 -7.6141e-15 -1.8547e-15 -3.5636e-19 -4.8998e-15 -4.5293e-19 -2.1040e-14  2.3932e-14  5.6286e-15  3.1253e-15 
 6.0000e-01  3.9569e-05  5.1517e-01  1.0669e-01  5.7631e-04  9.9070e-05  5.5280e-06  6.7404e-15 -2.3411e-15 -1.5613e-15 -2.8380e-15  1.3901e-14  1.3282e-19 -1.1560e-14  9.2695e-15  7.1996e-19 -7.7090e-15 -1.8523e-15 -3.7259e-19 -4.8877e-15 -4.8018e-19 -2.1319e-14  2.4157e-14  5.6286e-15  3.1253e-15 
 6.1000e-01  4.5625e-05  5.1517e-01  1.1281e-01  6.3493e-04  1.0894e-04  6.1154e-06  6.7260e-15 -2.3632e-15 -1.5760e-15 -2.7868e-15  1.4059e-14  1.4346e-19 -1.1696e-14  9.3750e-15  7.5386e-19 -7.7998e-15 -1.8490e-15 -3.8926e-19 -4.8767e-15 -5.0807e-19 -2.1585e-14  2.4373e-14  5.6286e-15  3.1253e-15 
 6.2000e-01  5.2270e-05  5.1517e-01  1.1906e-01  6.9436e-04  1.1892e-04  6.7283e-06  6.7117e-15 -2.3841e-15 -1.5900e-15 -2.7376e-15  1.4210e-14  1.5430e-19 -1.1826e-14  9.4757e-15  7.8863e-19 -7.8865e-15 -1.8446e-15 -4.0635e-19 -4.8667e-15 -5.3658e-19 -2.1842e-14  2.4580e-14  5.6286e-15  3.1253e-15 
 6.3000e-01  5.9513e-05  5.1517e-01  1.2542e-01  7.5413e-04  1.2895e-04  7.3647e-06  6.6975e-15 -2.4040e-15 -1.6033e-15 -2.6902e-15  1.4355e-14  1.6534e-19 -1.1951e-14  9.5718e-15  8.2425e-19 -7.9694e-15 -1.8395e-15 -4.2387e-19 -4.8576e-15 -5.6572e-19 -2.2087e-14  2.4778e-14  5.6286e-15  3.1253e-15 
 6.4000e-01  6.7352e-05  5.1517e-01  1.3185e-01  8.1379e-04  1.3895e-04  8.0227e-06  6.6834e-15 -2.4229e-15 -1.6159e-15 -2.6446e-15  1.4492e-14  1.7656e-19 -1.2069e-14  9.6635e-15  8.6075e-19 -8.0484e-15 -1.8335e-15 -4.4183e-19 -4.8495e-15 -5.9547e-19 -2.2322e-14  2.4967e-14  5.6286e-15  3.1253e-15 
 6.5000e-01  7.5786e-05  5.1517e-01  1.3833e-01  8.7298e-04  1.4885e-04  8.7002e-06  6.6694e-15 -2.4408e-15 -1.6279e-15 -2.6007e-15  1.4623e-14  1.8796e-19 -1.2182e-14  9.7508e-15  8.9813e-19 -8.1238e-15 -1.8267e-15 -4.6024e-19 -4.8422e-15 -6.2585e-19 -2.2547e-14  2.5148e-14  5.6286e-15  3.1253e-15 
 6.6000e-01  8.4809e-05  5.1517e-01  1.4484e-01  9.3139e-04  1.5861e-04  9.3957e-06  6.6555e-15 -2.4578e-15 -1.6392e-15 -2.5585e-15  1.4748e-14  1.9956e-19 -1.2290e-14  9.8339e-15  9.3638e-19 -8.1957e-15 -1.8193e-15 -4.7909e-19 -4.8357e-15 -6.5685e-19 -2.2762e-14  2.5321e-14  5.6286e-15  3.1253e-15 
 6.7000e-01  9.4410e-05  5.1517e-01  1.5136e-01  9.8878e-04  1.6820e-04  1.0107e-05  6.6416e-15 -2.4739e-15 -1.6499e-15 -2.5178e-15  1.4866e-14  2.1133e-19 -1.2393e-14  9.9131e-15  9.7553e-19 -8.2641e-15 -1.8112e-15 -4.9839e-19 -4.8299e-15 -6.8848e-19 -2.2968e-14  2.5487e-14  5.6286e-15  3.1253e-15 
 6.8000e-01  1.0458e-04  5.1517e-01  1.5787e-01  1.0450e-03  1.7757e-04  1.0834e-05  6.6278e-15 -2.4891e-15 -1.6601e-15 -2.4786e-15  1.4979e-14  2.2329e-19 -1.2490e-14  9.9884e-15  1.0156e-18 -8.3293e-15 -1.8025e-15 -5.1814e-19 -4.8248e-15 -7.2073e-19 -2.3165e-14  2.5644e-14  5.6286e-15  3.1253e-15 
 6.9000e-01  1.1530e-04  5.1517e-01  1.6435e-01  1.0999e-03  1.8672e-04  1.1573e-05  6.6142e-15 -2.5036e-15 -1.6697e-15 -2.4409e-15  1.5087e-14  2.3544e-19 -1.2583e-14  1.0060e-14  1.0565e-18 -8.3913e-15 -1.7933e-15 -5.3836e-19 -4.8204e-15 -7.5361e-19 -2.3353e-14  2.5795e-14  5.6285e-15  3.1253e-15 
 7.0000e-01  1.2657e-04  5.1517e-01  1.7079e-01  1.1534e-03  1.9564e-04  1.2325e-05  6.6005e-15 -2.5172e-15 -1.6788e-15 -2.4045e-15  1.5189e-14  2.4777e-19 -1.2672e-14  1.0128e-14  1.0984e-18 -8.4504e-15 -1.7835e-15 -5.5905e-19 -4.8165e-15 -7.8713e-19 -2.3533e-14  2.5939e-14  5.6285e-15  3.1253e-15 
 7.1000e-01  1.3837e-04  5.1517e-01  1.7719e-01  1.2055e-03  2.0431e-04  1.3088e-05  6.5870e-15 -2.5302e-15 -1.6875e-15 -2.3694e-15  1.5286e-14  2.6029e-19 -1.2756e-14  1.0193e-14  1.1412e-18 -8.5065e-15 -1.7732e-15 -5.8021e-19 -4.8132e-15 -8.2129e-19 -2.3705e-14  2.6076e-14  5.6285e-15  3.1253e-15 
 7.2000e-01  1.5067e-04  5.1517e-01  1.8354e-01  1.2561e-03  2.1275e-04  1.3860e-05  6.5736e-15 -2.5424e-15 -1.6957e-15 -2.3355e-15  1.5378e-14  2.7300e-19 -1.2836e-14  1.0254e-14  1.1850e-18 -8.5599e-15 -1.7626e-15 -6.0185e-19 -4.8104e-15 -8.5610e-19 -2.3870e-14  2.6206e-14  5.6285e-15  3.1253e-15 
 7.3000e-01  1.6348e-04  5.1517e-01  1.8982e-01  1.3054e-03  2.2095e-04  1.4642e-05  6.5602e-15 -2.5540e-15 -1.7034e-15 -2.3027e-15  1.5466e-14  2.8590e-19 -1.2912e-14  1.0313e-14  1.2297e-18 -8.6107e-15 -1.7515e-15 -6.2398e-19 -4.8081e-15 -8.9157e-19 -2.4027e-14  2.6331e-14  5.6285e-15  3.1253e-15 
 7.4000e-01  1.7678e-04  5.1517e-01  1.9604e-01  1.3533e-03  2.2892e-04  1.5433e-05  6.5468e-15 -2.5650e-15 -1.7108e-15 -2.2711e-15  1.5549e-14  2.9900e-19 -1.2984e-14  1.0368e-14  1.2753e-18 -8.6589e-15 -1.7401e-15 -6.4661e-19 -4.8062e-15 -9.2771e-19 -2.4177e-14  2.6449e-14  5.6285e-15  3.1253e-15 
 7.5000e-01  1.9054e-04  5.1517e-01  2.0219e-01  1.3999e-03  2.3668e-04  1.6232e-05  6.5336e-15 -2.5754e-15 -1.7177e-15 -2.2404e-15  1.5628e-14  3.1230e-19 -1.3053e-14  1.0421e-14  1.3220e-18 -8.7048e-15 -1.7283e-15 -6.6973e-19 -4.8046e-15 -9.6453e-19 -2.4321e-14  2.6563e-14  5.6285e-15  3.1253e-15 
 7.6000e-01  2.0477e-04  5.1517e-01  2.0827e-01  1.4452e-03  2.4423e-04  1.7038e-05  6.5204e-15 -2.5853e-15 -1.7243e-15 -2.2108e-15  1.5703e-14  3.2581e-19 -1.3118e-14  1.0471e-14  1.3696e-18 -8.7485e-15 -1.7162e-15 -6.9337e-19 -4.8035e-15 -1.0020e-18 -2.4459e-14  2.6670e-14  5.6285e-15  3.1253e-15 
 7.7000e-01  2.1944e-04  5.1517e-01  2.1428e-01  1.4894e-03  2.5158e-04  1.7851e-05  6.5073e-15 -2.5947e-15 -1.7306e-15 -2.1820e-15  1.5775e-14  3.3952e-19 -1.3181e-14  1.0519e-14  1.4182e-18 -8.7900e-15 -1.7039e-15 -7.1752e-19 -4.8027e-15 -1.0402e-18 -2.4590e-14  2.6773e-14  5.6285e-15  3.1253e-15 
 7.8000e-01  2.3455e-04  5.1517e-01  2.2021e-01  1.5324e-03  2.5876e-04  1.8670e-05  6.4943e-15 -2.6036e-15 -1.7365e-15 -2.1542e-15  1.5843e-14  3.5344e-19 -1.3240e-14  1.0565e-14  1.4679e-18 -8.8294e-15 -1.6913e-15 -7.4220e-19 -4.8022e-15 -1.0792e-18 -2.4716e-14  2.6871e-14  5.6285e-15  3.1253e-15 
 7.9000e-01  2.5009e-04  5.1517e-01  2.2607e-01  1.5743e-03  2.6576e-04  1.9496e-05  6.4813e-15 -2.6120e-15 -1.7422e-15 -2.1271e-15  1.5908e-14  3.6759e-19 -1.3296e-14  1.0608e-14  1.5186e-18 -8.8670e-15 -1.6785e-15 -7.6741e-19 -4.8020e-15 -1.1188e-18 -2.4837e-14  2.6965e-14  5.6285e-15  3.1253e-15 
 8.0000e-01  2.6603e-04  5.1517e-01  2.3186e-01  1.6153e-03  2.7260e-04  2.0328e-05  6.4684e-15 -2.6200e-15 -1.7475e-15 -2.1008e-15  1.5969e-14  3.8196e-19 -1.3349e-14  1.0649e-14  1.5704e-18 -8.9027e-15 -1.6655e-15 -7.9316e-19 -4.8021e-15 -1.1592e-18 -2.4952e-14  2.7054e-14  5.6285e-15  3.1253e-15 
 8.1000e-01  2.8239e-04  5.1517e-01  2.3758e-01  1.6552e-03  2.7929e-04  2.1166e-05  6.4555e-15 -2.6276e-15 -1.7526e-15 -2.0752e-15  1.6028e-14  3.9656e-19 -1.3400e-14  1.0688e-14  1.6233e-18 -8.9367e-15 -1.6523e-15 -8.1947e-19 -4.8023e-15 -1.2004e-18 -2.5063e-14  2.7139e-14  5.6285e-15  3.1253e-15 
 8.2000e-01  2.9913e-04  5.1517e-01  2.4322e-01  1.6942e-03  2.8584e-04  2.2010e-05  6.4427e-15 -2.6349e-15 -1.7575e-15 -2.0503e-15  1.6083e-14  4.1140e-19 -1.3449e-14  1.0725e-14  1.6772e-18 -8.9691e-15 -1.6390e-15 -8.4634e-19 -4.8029e-15 -1.2423e-18 -2.5169e-14  2.7221e-14  5.6285e-15  3.1253e-15 
 8.3000e-01  3.1627e-04  5.1517e-01  2.4880e-01  1.7324e-03  2.9226e-04  2.2860e-05  6.4299e-15 -2.6418e-15 -1.7621e-15 -2.0261e-15  1.6136e-14  4.2648e-19 -1.3495e-14  1.0760e-14  1.7323e-18 -8.9999e-15 -1.6255e-15 -8.7378e-19 -4.8035e-15 -1.2850e-18 -2.5271e-14  2.7299e-14  5.6285e-15  3.1253e-15 
 8.4000e-01  3.3378e-04  5.1517e-01  2.5430e-01  1.7697e-03  2.9856e-04  2.3714e-05  6.4172e-15 -2.6483e-15 -1.7665e-15 -2.0024e-15  1.6187e-14  4.4181e-19 -1.3539e-14  1.0794e-14  1.7885e-18 -9.0293e-15 -1.6119e-15 -9.0180e-19 -4.8044e-15 -1.3286e-18 -2.5369e-14  2.7373e-14  5.6285e-15  3.1253e-15 
 8.5000e-01  3.5165e-04  5.1518e-01  2.5974e-01  1.8062e-03  3.0474e-04  2.4575e-05  6.4046e-15 -2.6546e-15 -1.7707e-15 -1.9793e-15  1.6235e-14  4.5740e-19 -1.3581e-14  1.0826e-14  1.8459e-18 -9.0573e-15 -1.5982e-15 -9.3041e-19 -4.8055e-15 -1.3729e-18 -2.5463e-14  2.7444e-14  5.6285e-15  3.1253e-15 
 8.6000e-01  3.6989e-04  5.1518e-01  2.6511e-01  1.8419e-03  3.1081e-04  2.5440e-05  6.3920e-15 -2.6606e-15 -1.7747e-15 -1.9568e-15  1.6281e-14  4.7325e-19 -1.3621e-14  1.0857e-14  1.9045e-18 -9.0840e-15 -1.5844e-15 -9.5963e-19 -4.8066e-15 -1.4181e-18 -2.5553e-14  2.7512e-14  5.6285e-15  3.1253e-15 
 8.7000e-01  3.8849e-04  5.1518e-01  2.7042e-01  1.8768e-03  3.1677e-04  2.6311e-05  6.3795e-15 -2.6663e-15 -1.7785e-15 -1.9347e-15  1.6325e-14  4.8938e-19 -1.3659e-14  1.0886e-14  1.9642e-18 -9.1095e-15 -1.5705e-15 -9.8946e-19 -4.8080e-15 -1.4641e-18 -2.5640e-14  2.7576e-14  5.6285e-15  3.1253e-15 
 8.8000e-01  4.0743e-04  5.1518e-01  2.7566e-01  1.9110e-03  3.2264e-04  2.7186e-05  6.3670e-15 -2.6717e-15 -1.7821e-15 -1.9132e-15  1.6367e-14  5.0578e-19 -1.3695e-14  1.0914e-14  2.0252e-18 -9.1338e-15 -1.5566e-15 -1.0199e-18 -4.8094e-15 -1.5111e-18 -2.5724e-14  2.7639e-14  5.6285e-15  3.1253e-15 
 8.9000e-01  4.2670e-04  5.1518e-01  2.8084e-01  1.9445e-03  3.2842e-04  2.8067e-05  6.3545e-15 -2.6769e-15 -1.7856e-15 -1.8920e-15  1.6407e-14  5.2247e-19 -1.3730e-14  1.0941e-14  2.0875e-18 -9.1570e-15 -1.5426e-15 -1.0510e-18 -4.8109e-15 -1.5589e-18 -2.5805e-14  2.7698e-14  5.6285e-15  3.1253e-15 
 9.0000e-01  4.4631e-04  5.1518e-01  2.8597e-01  1.9773e-03  3.3411e-04  2.8953e-05  6.3421e-15 -2.6819e-15 -1.7889e-15 -1.8713e-15  1.6445e-14  5.3945e-19 -1.3763e-14  1.0966e-14  2.1510e-18 -9.1792e-15 -1.5285e-15 -1.0827e-18 -4.8126e-15 -1.6077e-18 -2.5882e-14  2.7755e-14  5.6285e-15  3.1253e-15 
 9.1000e-01  4.6624e-04  5.1518e-01  2.9103e-01  2.0094e-03  3.3972e-04  2.9844e-05  6.3298e-15 -2.6867e-15 -1.7921e-15 -1.8510e-15  1.6481e-14  5.5674e-19 -1.3795e-14  1.0990e-14  2.2158e-18 -9.2004e-15 -1.5144e-15 -1.1151e-18 -4.8143e-15 -1.6574e-18 -2.5957e-14  2.7810e-14  5.6285e-15  3.1253e-15 
 9.2000e-01  4.8650e-04  5.1518e-01  2.9604e-01  2.0409e-03  3.4525e-04  3.0740e-05  6.3175e-15 -2.6913e-15 -1.7952e-15 -1.8310e-15  1.6516e-14  5.7433e-19 -1.3826e-14  1.1014e-14  2.2819e-18 -9.2207e-15 -1.5003e-15 -1.1482e-18 -4.8161e-15 -1.7080e-18 -2.6030e-14  2.7862e-14  5.6285e-15  3.1253e-15 
 9.3000e-01  5.0706e-04  5.1518e-01  3.0099e-01  2.0716e-03  3.5070e-04  3.1641e-05  6.3052e-15 -2.6957e-15 -1.7982e-15 -1.8114e-15  1.6550e-14  5.9225e-19 -1.3855e-14  1.1036e-14  2.3494e-18 -9.2402e-15 -1.4861e-15 -1.1820e-18 -4.8179e-15 -1.7597e-18 -2.6100e-14  2.7913e-14  5.6285e-15  3.1253e-15 
 9.4000e-01  5.2792e-04  5.1518e-01  3.0589e-01  2.1017e-03  3.5608e-04  3.2547e-05  6.2930e-15 -2.6999e-15 -1.8010e-15 -1.7921e-15  1.6582e-14  6.1049e-19 -1.3883e-14  1.1057e-14  2.4183e-18 -9.2588e-15 -1.4719e-15 -1.2165e-18 -4.8198e-15 -1.8123e-18 -2.6167e-14  2.7961e-14  5.6285e-15  3.1253e-15 
 9.5000e-01  5.4909e-04  5.1518e-01  3.1074e-01  2.1312e-03  3.6139e-04  3.3457e-05  6.2808e-15 -2.7039e-15 -1.8037e-15 -1.7732e-15  1.6613e-14  6.2907e-19 -1.3909e-14  1.1078e-14  2.4886e-18 -9.2767e-15 -1.4577e-15 -1.2516e-18 -4.8218e-15 -1.8660e-18 -2.6233e-14  2.8008e-14  5.6285e-15  3.1253e-15 
 9.6000e-01  5.7054e-04  5.1518e-01  3.1554e-01  2.1600e-03  3.6663e-04  3.4372e-05  6.2687e-15 -2.7079e-15 -1.8063e-15 -1.7545e-15  1.6642e-14  6.4799e-19 -1.3935e-14  1.1098e-14  2.5603e-18 -9.2938e-15 -1.4436e-15 -1.2876e-18 -4.8238e-15 -1.9207e-18 -2.6296e-14  2.8052e-14  5.6285e-15  3.1253e-15 
 9.7000e-01  5.9228e-04  5.1518e-01  3.2029e-01  2.1881e-03  3.7181e-04  3.5293e-05  6.2566e-15 -2.7116e-15 -1.8089e-15 -1.7361e-15  1.6670e-14  6.6727e-19 -1.3959e-14  1.1117e-14  2.6335e-18 -9.3103e-15 -1.4294e-15 -1.3242e-18 -4.8259e-15 -1.9766e-18 -2.6358e-14  2.8096e-14  5.6285e-15  3.1253e-15 
 9.8000e-01  6.1430e-04  5.1518e-01  3.2499e-01  2.2156e-03  3.7693e-04  3.6218e-05  6.2445e-15 -2.7153e-15 -1.8113e-15 -1.7179e-15  1.6698e-14  6.8691e-19 -1.3983e-14  1.1135e-14  2.7082e-18 -9.3261e-15 -1.4152e-15 -1.3616e-18 -4.8279e-15 -2.0335e-18 -2.6417e-14  2.8137e-14  5.6285e-15  3.1253e-15 
 9.9000e-01  6.3659e-04  5.1518e-01  3.2965e-01  2.2425e-03  3.8199e-04  3.7147e-05  6.2324e-15 -2.7188e-15 -1.8137e-15 -1.7000e-15  1.6724e-14  7.0693e-19 -1.4006e-14  1.1152e-14  2.7844e-18 -9.3413e-15 -1.4010e-15 -1.3998e-18 -4.8301e-15 -2.0915e-18 -2.6475e-14  2.8177e-14  5.6285e-15  3.1253e-15 
 1.0000e+00  6.5914e-04  5.1518e-01  3.3426e-01  2.2688e-03  3.8699e-04  3.8082e-05  6.2204e-15 -2.7221e-15 -1.8159e-15 -1.6823e-15  1.6749e-14  7.2733e-19 -1.4028e-14  1.1169e-14  2.8622e-18 -9.3559e-15 -1.3868e-15 -1.4388e-18 -4.8322e-15 -2.1507e-18 -2.6531e-14  2.8216e-14  5.6285e-15  3.1253e-15 
 1.0100e+00  6.8196e-04  5.1518e-01  3.3883e-01  2.2945e-03  3.9194e-04  3.9021e-05  6.2085e-15 -2.7254e-15 -1.8181e-15 -1.6649e-15  1.6773e-14  7.4812e-19 -1.4049e-14  1.1185e-14  2.9416e-18 -9.3700e-15 -1.3727e-15 -1.4786e-18 -4.8343e-15 -2.2111e-18 -2.6586e-14  2.8253e-14  5.6285e-15  3.1253e-15 
 1.0200e+00  7.0503e-04  5.1518e-01  3.4336e-01  2.3195e-03  3.9684e-04  3.9964e-05  6.1965e-15 -2.7286e-15 -1.8203e-15 -1.6477e-15  1.6797e-14  7.6931e-19 -1.4069e-14  1.1201e-14  3.0227e-18 -9.3836e-15 -1.3585e-15 -1.5193e-18 -4.8365e-15 -2.2727e-18 -2.6639e-14  2.8289e-14  5.6285e-15  3.1253e-15 
 1.0300e+00  7.2834e-04  5.1518e-01  3.4785e-01  2.3440e-03  4.0168e-04  4.0912e-05  6.1846e-15 -2.7317e-15 -1.8223e-15 -1.6306e-15  1.6819e-14  7.9091e-19 -1.4088e-14  1.1216e-14  3.1053e-18 -9.3967e-15 -1.3444e-15 -1.5607e-18 -4.8386e-15 -2.3355e-18 -2.6691e-14  2.8324e-14  5.6285e-15  3.1253e-15 
 1.0400e+00  7.5190e-04  5.1518e-01  3.5229e-01  2.3678e-03  4.0648e-04  4.1865e-05  6.1727e-15 -2.7346e-15 -1.8244e-15 -1.6137e-15  1.6841e-14  8.1294e-19 -1.4107e-14  1.1230e-14  3.1897e-18 -9.4093e-15 -1.3303e-15 -1.6031e-18 -4.8408e-15 -2.3996e-18 -2.6741e-14  2.8357e-14  5.6285e-15  3.1253e-15 
 1.0500e+00  7.7569e-04  5.1518e-01  3.5670e-01  2.3910e-03  4.1123e-04  4.2823e-05  6.1609e-15 -2.7375e-15 -1.8263e-15 -1.5971e-15  1.6862e-14  8.3540e-19 -1.4126e-14  1.1245e-14  3.2759e-18 -9.4215e-15 -1.3163e-15 -1.6463e-18 -4.8430e-15 -2.4650e-18 -2.6791e-14  2.8390e-14  5.6285e-15  3.1253e-15 
 1.0600e+00  7.9971e-04  5.1518e-01  3.6108e-01  2.4137e-03  4.1594e-04  4.3785e-05  6.1491e-15 -2.7403e-15 -1.8282e-15 -1.5805e-15  1.6883e-14  8.5831e-19 -1.4143e-14  1.1258e-14  3.3638e-18 -9.4333e-15 -1.3022e-15 -1.6904e-18 -4.8452e-15 -2.5317e-18 -2.6839e-14  2.8422e-14  5.6285e-15  3.1253e-15 
 1.0700e+00  8.2396e-04  5.1518e-01  3.6541e-01  2.4357e-03  4.2060e-04  4.4751e-05  6.1373e-15 -2.7431e-15 -1.8300e-15 -1.5642e-15  1.6902e-14  8.8167e-19 -1.4160e-14  1.1271e-14  3.4535e-18 -9.4447e-15 -1.2882e-15 -1.7354e-18 -4.8473e-15 -2.5998e-18 -2.6885e-14  2.8452e-14  5.6285e-15  3.1253e-15 
 1.0800e+00  8.4842e-04  5.1518e-01  3.6972e-01  2.4572e-03  4.2522e-04  4.5722e-05  6.1255e-15 -2.7457e-15 -1.8318e-15 -1.5480e-15  1.6921e-14  9.0550e-19 -1.4177e-14  1.1284e-14  3.5451e-18 -9.4558e-15 -1.2742e-15 -1.7814e-18 -4.8495e-15 -2.6692e-18 -2.6931e-14  2.8482e-14  5.6285e-15  3.1253e-15 
 1.0900e+00  8.7310e-04  5.1518e-01  3.7399e-01  2.4781e-03  4.2980e-04  4.6697e-05  6.1138e-15 -2.7483e-15 -1.8336e-15 -1.5319e-15  1.6940e-14  9.2980e-19 -1.4193e-14  1.1296e-14  3.6386e-18 -9.4665e-15 -1.2603e-15 -1.8283e-18 -4.8517e-15 -2.7401e-18 -2.6976e-14  2.8511e-14  5.6285e-15  3.1253e-15 
 1.1000e+00  8.9798e-04  5.1518e-01  3.7823e-01  2.4984e-03  4.3434e-04  4.7677e-05  6.1021e-15 -2.7508e-15 -1.8353e-15 -1.5160e-15  1.6958e-14  9.5460e-19 -1.4208e-14  1.1308e-14  3.7340e-18 -9.4769e-15 -1.2463e-15 -1.8762e-18 -4.8538e-15 -2.8124e-18 -2.7020e-14  2.8539e-14  5.6285e-15  3.1253e-15 
 1.1100e+00  9.2306e-04  5.1518e-01  3.8244e-01  2.5182e-03  4.3884e-04  4.8661e-05  6.0904e-15 -2.7533e-15 -1.8369e-15 -1.5002e-15  1.6975e-14  9.7990e-19 -1.4223e-14  1.1320e-14  3.8314e-18 -9.4869e-15 -1.2325e-15 -1.9251e-18 -4.8560e-15 -2.8862e-18 -2.7063e-14  2.8566e-14  5.6285e-15  3.1253e-15 
 1.1200e+00  9.4834e-04  5.1518e-01  3.8661e-01  2.5374e-03  4.4331e-04  4.9650e-05  6.0787e-15 -2.7557e-15 -1.8385e-15 -1.4845e-15  1.6992e-14  1.0057e-18 -1.4238e-14  1.1331e-14  3.9308e-18 -9.4967e-15 -1.2186e-15 -1.9750e-18 -4.8581e-15 -2.9615e-18 -2.7105e-14  2.8592e-14  5.6285e-15  3.1253e-15 
 1.1300e+00  9.7380e-04  5.1518e-01  3.9076e-01  2.5561e-03  4.4775e-04  5.0643e-05  6.0671e-15 -2.7580e-15 -1.8401e-15 -1.4689e-15  1.7009e-14  1.0320e-18 -1.4252e-14  1.1342e-14  4.0323e-18 -9.5062e-15 -1.2048e-15 -2.0260e-18 -4.8602e-15 -3.0384e-18 -2.7146e-14  2.8618e-14  5.6285e-15  3.1253e-15 
 1.1400e+00  9.9945e-04  5.1518e-01  3.9488e-01  2.5743e-03  4.5215e-04  5.1640e-05  6.0554e-15 -2.7603e-15 -1.8416e-15 -1.4535e-15  1.7025e-14  1.0589e-18 -1.4265e-14  1.1353e-14  4.1359e-18 -9.5154e-15 -1.1910e-15 -2.0780e-18 -4.8624e-15 -3.1168e-18 -2.7186e-14  2.8643e-14  5.6285e-15  3.1253e-15 
 1.1500e+00  1.0253e-03  5.1518e-01  3.9898e-01  2.5919e-03  4.5652e-04  5.2642e-05  6.0438e-15 -2.7625e-15 -1.8432e-15 -1.4382e-15  1.7040e-14  1.0864e-18 -1.4279e-14  1.1363e-14  4.2417e-18 -9.5243e-15 -1.1773e-15 -2.1312e-18 -4.8644e-15 -3.1969e-18 -2.7226e-14  2.8667e-14  5.6284e-15  3.1253e-15 
 1.1600e+00  1.0513e-03  5.1518e-01  4.0305e-01  2.6089e-03  4.6086e-04  5.3648e-05  6.0323e-15 -2.7647e-15 -1.8446e-15 -1.4229e-15  1.7055e-14  1.1144e-18 -1.4292e-14  1.1373e-14  4.3497e-18 -9.5331e-15 -1.1635e-15 -2.1854e-18 -4.8665e-15 -3.2787e-18 -2.7265e-14  2.8691e-14  5.6284e-15  3.1253e-15 
 1.1700e+00  1.0775e-03  5.1518e-01  4.0709e-01  2.6255e-03  4.6518e-04  5.4658e-05  6.0207e-15 -2.7668e-15 -1.8461e-15 -1.4078e-15  1.7070e-14  1.1429e-18 -1.4304e-14  1.1383e-14  4.4600e-18 -9.5416e-15 -1.1499e-15 -2.2408e-18 -4.8686e-15 -3.3621e-18 -2.7303e-14  2.8714e-14  5.6284e-15  3.1253e-15 
 1.1800e+00  1.1038e-03  5.1518e-01  4.1112e-01  2.6415e-03  4.6946e-04  5.5672e-05  6.0092e-15 -2.7689e-15 -1.8475e-15 -1.3928e-15  1.7084e-14  1.1721e-18 -1.4317e-14  1.1393e-14  4.5726e-18 -9.5499e-15 -1.1362e-15 -2.2974e-18 -4.8706e-15 -3.4473e-18 -2.7341e-14  2.8737e-14  5.6284e-15  3.1253e-15 
 1.1900e+00  1.1303e-03  5.1518e-01  4.1511e-01  2.6571e-03  4.7372e-04  5.6691e-05  5.9976e-15 -2.7710e-15 -1.8489e-15 -1.3778e-15  1.7098e-14  1.2019e-18 -1.4329e-14  1.1402e-14  4.6876e-18 -9.5579e-15 -1.1226e-15 -2.3552e-18 -4.8727e-15 -3.5343e-18 -2.7378e-14  2.8759e-14  5.6284e-15  3.1253e-15 
 1.2000e+00  1.1569e-03  5.1518e-01  4.1909e-01  2.6721e-03  4.7796e-04  5.7714e-05  5.9861e-15 -2.7730e-15 -1.8502e-15 -1.3629e-15  1.7112e-14  1.2323e-18 -1.4340e-14  1.1411e-14  4.8049e-18 -9.5658e-15 -1.1090e-15 -2.4141e-18 -4.8747e-15 -3.6231e-18 -2.7414e-14  2.8781e-14  5.6284e-15  3.1253e-15 
 1.2100e+00  1.1837e-03  5.1518e-01  4.2305e-01  2.6867e-03  4.8217e-04  5.8741e-05  5.9746e-15 -2.7749e-15 -1.8516e-15 -1.3482e-15  1.7125e-14  1.2633e-18 -1.4352e-14  1.1420e-14  4.9248e-18 -9.5735e-15 -1.0955e-15 -2.4744e-18 -4.8767e-15 -3.7137e-18 -2.7450e-14  2.8802e-14  5.6284e-15  3.1253e-15 
 1.2200e+00  1.2106e-03  5.1518e-01  4.2698e-01  2.7008e-03  4.8636e-04  5.9773e-05  5.9632e-15 -2.7768e-15 -1.8529e-15 -1.3335e-15  1.7138e-14  1.2950e-18 -1.4363e-14  1.1429e-14  5.0472e-18 -9.5810e-15 -1.0820e-15 -2.5359e-18 -4.8786e-15 -3.8063e-18 -2.7485e-14  2.8822e-14  5.6284e-15  3.1253e-15 
 1.2300e+00  1.2377e-03  5.1518e-01  4.3090e-01  2.7144e-03  4.9053e-04  6.0808e-05  5.9517e-15 -2.7787e-15 -1.8542e-15 -1.3188e-15  1.7151e-14  1.3274e-18 -1.4374e-14  1.1437e-14  5.1722e-18 -9.5884e-15 -1.0685e-15 -2.5987e-18 -4.8806e-15 -3.9009e-18 -2.7520e-14  2.8843e-14  5.6284e-15  3.1253e-15 
 1.2400e+00  1.2649e-03  5.1518e-01  4.3480e-01  2.7276e-03  4.9467e-04  6.1848e-05  5.9403e-15 -2.7806e-15 -1.8554e-15 -1.3043e-15  1.7164e-14  1.3604e-18 -1.4384e-14  1.1446e-14  5.2999e-18 -9.5956e-15 -1.0551e-15 -2.6629e-18 -4.8825e-15 -3.9974e-18 -2.7554e-14  2.8862e-14  5.6284e-15  3.1253e-15 
 1.2500e+00  1.2923e-03  5.1518e-01  4.3868e-01  2.7403e-03  4.9880e-04  6.2893e-05  5.9289e-15 -2.7824e-15 -1.8567e-15 -1.2898e-15  1.7176e-14  1.3942e-18 -1.4395e-14  1.1454e-14  5.4302e-18 -9.6026e-15 -1.0417e-15 -2.7284e-18 -4.8844e-15 -4.0960e-18 -2.7588e-14  2.8882e-14  5.6284e-15  3.1253e-15 
 1.2600e+00  1.3197e-03  5.1518e-01  4.4255e-01  2.7525e-03  5.0291e-04  6.3941e-05  5.9175e-15 -2.7842e-15 -1.8579e-15 -1.2754e-15  1.7188e-14  1.4286e-18 -1.4405e-14  1.1462e-14  5.5634e-18 -9.6095e-15 -1.0284e-15 -2.7954e-18 -4.8863e-15 -4.1967e-18 -2.7621e-14  2.8901e-14  5.6284e-15  3.1253e-15 
 1.2700e+00  1.3473e-03  5.1518e-01  4.4640e-01  2.7643e-03  5.0701e-04  6.4994e-05  5.9061e-15 -2.7860e-15 -1.8591e-15 -1.2611e-15  1.7199e-14  1.4638e-18 -1.4415e-14  1.1470e-14  5.6994e-18 -9.6162e-15 -1.0150e-15 -2.8637e-18 -4.8882e-15 -4.2995e-18 -2.7654e-14  2.8919e-14  5.6284e-15  3.1253e-15 
 1.2800e+00  1.3750e-03  5.1518e-01  4.5023e-01  2.7757e-03  5.1108e-04  6.6051e-05  5.8947e-15 -2.7877e-15 -1.8602e-15 -1.2468e-15  1.7211e-14  1.4998e-18 -1.4425e-14  1.1477e-14  5.8383e-18 -9.6228e-15 -1.0017e-15 -2.9336e-18 -4.8901e-15 -4.4045e-18 -2.7686e-14  2.8937e-14  5.6284e-15  3.1253e-15 
 1.2900e+00  1.4028e-03  5.1518e-01  4.5406e-01  2.7867e-03  5.1515e-04  6.7112e-05  5.8834e-15 -2.7894e-15 -1.8614e-15 -1.2326e-15  1.7222e-14  1.5365e-18 -1.4434e-14  1.1485e-14  5.9803e-18 -9.6293e-15 -9.8848e-16 -3.0049e-18 -4.8919e-15 -4.5118e-18 -2.7718e-14  2.8955e-14  5.6284e-15  3.1253e-15 
 1.3000e+00  1.4307e-03  5.1518e-01  4.5786e-01  2.7973e-03  5.1919e-04  6.8178e-05  5.8720e-15 -2.7911e-15 -1.8625e-15 -1.2184e-15  1.7233e-14  1.5741e-18 -1.4444e-14  1.1492e-14  6.1252e-18 -9.6356e-15 -9.7526e-16 -3.0778e-18 -4.8937e-15 -4.6214e-18 -2.7750e-14  2.8973e-14  5.6284e-15  3.1253e-15 
 1.3100e+00  1.4588e-03  5.1518e-01  4.6166e-01  2.8074e-03  5.2323e-04  6.9247e-05  5.8607e-15 -2.7927e-15 -1.8637e-15 -1.2044e-15  1.7244e-14  1.6124e-18 -1.4453e-14  1.1499e-14  6.2733e-18 -9.6418e-15 -9.6207e-16 -3.1523e-18 -4.8955e-15 -4.7334e-18 -2.7781e-14  2.8990e-14  5.6284e-15  3.1253e-15 
 1.3200e+00  1.4869e-03  5.1518e-01  4.6544e-01  2.8172e-03  5.2725e-04  7.0322e-05  5.8494e-15 -2.7943e-15 -1.8648e-15 -1.1903e-15  1.7254e-14  1.6516e-18 -1.4462e-14  1.1506e-14  6.4246e-18 -9.6479e-15 -9.4891e-16 -3.2284e-18 -4.8973e-15 -4.8478e-18 -2.7812e-14  2.9007e-14  5.6284e-15  3.1253e-15 
 1.3300e+00  1.5151e-03  5.1518e-01  4.6922e-01  2.8265e-03  5.3126e-04  7.1400e-05  5.8381e-15 -2.7959e-15 -1.8659e-15 -1.1763e-15  1.7265e-14  1.6916e-18 -1.4471e-14  1.1513e-14  6.5792e-18 -9.6539e-15 -9.3578e-16 -3.3061e-18 -4.8990e-15 -4.9647e-18 -2.7842e-14  2.9023e-14  5.6284e-15  3.1253e-15 
 1.3400e+00  1.5434e-03  5.1518e-01  4.7298e-01  2.8355e-03  5.3526e-04  7.2483e-05  5.8268e-15 -2.7975e-15 -1.8669e-15 -1.1624e-15  1.7275e-14  1.7325e-18 -1.4479e-14  1.1520e-14  6.7372e-18 -9.6598e-15 -9.2268e-16 -3.3856e-18 -4.9007e-15 -5.0841e-18 -2.7872e-14  2.9040e-14  5.6284e-15  3.1253e-15 
 1.3500e+00  1.5718e-03  5.1518e-01  4.7673e-01  2.8441e-03  5.3925e-04  7.3570e-05  5.8155e-15 -2.7990e-15 -1.8680e-15 -1.1485e-15  1.7285e-14  1.7743e-18 -1.4488e-14  1.1527e-14  6.8985e-18 -9.6656e-15 -9.0962e-16 -3.4667e-18 -4.9025e-15 -5.2061e-18 -2.7902e-14  2.9056e-14  5.6284e-15  3.1253e-15 
 1.3600e+00  1.6003e-03  5.1518e-01  4.8048e-01  2.8524e-03  5.4323e-04  7.4662e-05  5.8043e-15 -2.8006e-15 -1.8690e-15 -1.1347e-15  1.7295e-14  1.8170e-18 -1.4496e-14  1.1533e-14  7.0635e-18 -9.6713e-15 -8.9659e-16 -3.5497e-18 -4.9041e-15 -5.3307e-18 -2.7932e-14  2.9072e-14  5.6284e-15  3.1253e-15 
 1.3700e+00  1.6288e-03  5.1518e-01  4.8421e-01  2.8603e-03  5.4720e-04  7.5758e-05  5.7930e-15 -2.8021e-15 -1.8701e-15 -1.1209e-15  1.7305e-14  1.8606e-18 -1.4504e-14  1.1540e-14  7.2320e-18 -9.6769e-15 -8.8358e-16 -3.6345e-18 -4.9058e-15 -5.4581e-18 -2.7961e-14  2.9087e-14  5.6284e-15  3.1253e-15 
 1.3800e+00  1.6575e-03  5.1518e-01  4.8794e-01  2.8678e-03  5.5117e-04  7.6859e-05  5.7818e-15 -2.8035e-15 -1.8711e-15 -1.1072e-15  1.7314e-14  1.9052e-18 -1.4512e-14  1.1546e-14  7.4042e-18 -9.6824e-15 -8.7061e-16 -3.7211e-18 -4.9075e-15 -5.5883e-18 -2.7990e-14  2.9102e-14  5.6284e-15  3.1253e-15 
 1.3900e+00  1.6862e-03  5.1518e-01  4.9167e-01  2.8750e-03  5.5512e-04  7.7964e-05  5.7706e-15 -2.8050e-15 -1.8721e-15 -1.0935e-15  1.7323e-14  1.9508e-18 -1.4520e-14  1.1552e-14  7.5802e-18 -9.6879e-15 -8.5766e-16 -3.8096e-18 -4.9091e-15 -5.7214e-18 -2.8018e-14  2.9117e-14  5.6284e-15  3.1253e-15 
 1.4000e+00  1.7150e-03  5.1518e-01  4.9538e-01  2.8819e-03  5.5907e-04  7.9073e-05  5.7593e-15 -2.8064e-15 -1.8730e-15 -1.0799e-15  1.7333e-14  1.9974e-18 -1.4528e-14  1.1558e-14  7.7601e-18 -9.6932e-15 -8.4475e-16 -3.9001e-18 -4.9107e-15 -5.8574e-18 -2.8046e-14  2.9132e-14  5.6284e-15  3.1253e-15 
 1.4100e+00  1.7438e-03  5.1518e-01  4.9909e-01  2.8884e-03  5.6302e-04  8.0188e-05  5.7481e-15 -2.8078e-15 -1.8740e-15 -1.0663e-15  1.7342e-14  2.0450e-18 -1.4536e-14  1.1565e-14  7.9440e-18 -9.6984e-15 -8.3186e-16 -3.9926e-18 -4.9123e-15 -5.9964e-18 -2.8074e-14  2.9147e-14  5.6284e-15  3.1253e-15 
 1.4200e+00  1.7727e-03  5.1518e-01  5.0280e-01  2.8946e-03  5.6696e-04  8.1306e-05  5.7370e-15 -2.8092e-15 -1.8750e-15 -1.0527e-15  1.7351e-14  2.0937e-18 -1.4543e-14  1.1570e-14  8.1319e-18 -9.7036e-15 -8.1900e-16 -4.0872e-18 -4.9139e-15 -6.1385e-18 -2.8102e-14  2.9161e-14  5.6284e-15  3.1253e-15 
 1.4300e+00  1.8017e-03  5.1518e-01  5.0650e-01  2.9005e-03  5.7090e-04  8.2430e-05  5.7258e-15 -2.8106e-15 -1.8759e-15 -1.0392e-15  1.7359e-14  2.1435e-18 -1.4551e-14  1.1576e-14  8.3241e-18 -9.7087e-15 -8.0617e-16 -4.1839e-18 -4.9154e-15 -6.2837e-18 -2.8130e-14  2.9175e-14  5.6284e-15  3.1253e-15 
 1.4400e+00  1.8307e-03  5.1518e-01  5.1019e-01  2.9061e-03  5.7483e-04  8.3558e-05  5.7146e-15 -2.8120e-15 -1.8769e-15 -1.0257e-15  1.7368e-14  2.1944e-18 -1.4558e-14  1.1582e-14  8.5205e-18 -9.7137e-15 -7.9337e-16 -4.2827e-18 -4.9169e-15 -6.4322e-18 -2.8157e-14  2.9189e-14  5.6284e-15  3.1253e-15 
 1.4500e+00  1.8598e-03  5.1518e-01  5.1389e-01  2.9114e-03  5.7876e-04  8.4691e-05  5.7034e-15 -2.8133e-15 -1.8778e-15 -1.0123e-15  1.7377e-14  2.2465e-18 -1.4565e-14  1.1588e-14  8.7213e-18 -9.7187e-15 -7.8059e-16 -4.3838e-18 -4.9185e-15 -6.5840e-18 -2.8184e-14  2.9203e-14  5.6284e-15  3.1253e-15 
 1.4600e+00  1.8890e-03  5.1518e-01  5.1758e-01  2.9164e-03  5.8269e-04  8.5829e-05  5.6923e-15 -2.8146e-15 -1.8787e-15 -9.9892e-16  1.7385e-14  2.2997e-18 -1.4573e-14  1.1593e-14  8.9266e-18 -9.7236e-15 -7.6784e-16 -4.4871e-18 -4.9200e-15 -6.7393e-18 -2.8210e-14  2.9216e-14  5.6284e-15  3.1253e-15 
 1.4700e+00  1.9181e-03  5.1518e-01  5.2127e-01  2.9211e-03  5.8661e-04  8.6971e-05  5.6811e-15 -2.8160e-15 -1.8796e-15 -9.8557e-16  1.7393e-14  2.3542e-18 -1.4580e-14  1.1599e-14  9.1365e-18 -9.7284e-15 -7.5511e-16 -4.5927e-18 -4.9214e-15 -6.8980e-18 -2.8237e-14  2.9229e-14  5.6284e-15  3.1253e-15 
 1.4800e+00  1.9474e-03  5.1518e-01  5.2495e-01  2.9255e-03  5.9054e-04  8.8119e-05  5.6700e-15 -2.8172e-15 -1.8805e-15 -9.7225e-16  1.7401e-14  2.4098e-18 -1.4587e-14  1.1604e-14  9.3512e-18 -9.7332e-15 -7.4241e-16 -4.7007e-18 -4.9229e-15 -7.0603e-18 -2.8263e-14  2.9243e-14  5.6283e-15  3.1253e-15 
 1.4900e+00  1.9766e-03  5.1518e-01  5.2864e-01  2.9297e-03  5.9446e-04  8.9271e-05  5.6589e-15 -2.8185e-15 -1.8814e-15 -9.5896e-16  1.7409e-14  2.4668e-18 -1.4593e-14  1.1610e-14  9.5707e-18 -9.7379e-15 -7.2974e-16 -4.8112e-18 -4.9243e-15 -7.2262e-18 -2.8289e-14  2.9256e-14  5.6283e-15  3.1253e-15 
 1.5000e+00  2.0060e-03  5.1518e-01  5.3233e-01  2.9336e-03  5.9838e-04  9.0429e-05  5.6478e-15 -2.8198e-15 -1.8823e-15 -9.4571e-16  1.7417e-14  2.5250e-18 -1.4600e-14  1.1615e-14  9.7951e-18 -9.7425e-15 -7.1708e-16 -4.9242e-18 -4.9257e-15 -7.3960e-18 -2.8315e-14  2.9268e-14  5.6283e-15  3.1253e-15 
 1.5100e+00  2.0353e-03  5.1518e-01  5.3601e-01  2.9372e-03  6.0230e-04  9.1591e-05  5.6366e-15 -2.8210e-15 -1.8831e-15 -9.3250e-16  1.7425e-14  2.5846e-18 -1.4607e-14  1.1620e-14  1.0025e-17 -9.7471e-15 -7.0446e-16 -5.0397e-18 -4.9271e-15 -7.5696e-18 -2.8341e-14  2.9281e-14  5.6283e-15  3.1253e-15 
 1.5200e+00  2.0647e-03  5.1518e-01  5.3970e-01  2.9406e-03  6.0623e-04  9.2759e-05  5.6255e-15 -2.8223e-15 -1.8840e-15 -9.1932e-16  1.7433e-14  2.6455e-18 -1.4613e-14  1.1625e-14  1.0260e-17 -9.7516e-15 -6.9185e-16 -5.1579e-18 -4.9285e-15 -7.7471e-18 -2.8366e-14  2.9293e-14  5.6283e-15  3.1253e-15 
 1.5300e+00  2.0941e-03  5.1518e-01  5.4339e-01  2.9437e-03  6.1015e-04  9.3932e-05  5.6144e-15 -2.8235e-15 -1.8848e-15 -9.0617e-16  1.7440e-14  2.7079e-18 -1.4620e-14  1.1630e-14  1.0500e-17 -9.7561e-15 -6.7927e-16 -5.2788e-18 -4.9299e-15 -7.9288e-18 -2.8392e-14  2.9306e-14  5.6283e-15  3.1253e-15 
 1.5400e+00  2.1236e-03  5.1519e-01  5.4707e-01  2.9466e-03  6.1408e-04  9.5110e-05  5.6034e-15 -2.8247e-15 -1.8856e-15 -8.9305e-16  1.7448e-14  2.7717e-18 -1.4626e-14  1.1635e-14  1.0745e-17 -9.7605e-15 -6.6672e-16 -5.4025e-18 -4.9312e-15 -8.1146e-18 -2.8417e-14  2.9318e-14  5.6283e-15  3.1253e-15 
 1.5500e+00  2.1530e-03  5.1519e-01  5.5076e-01  2.9492e-03  6.1801e-04  9.6294e-05  5.5923e-15 -2.8259e-15 -1.8865e-15 -8.7997e-16  1.7455e-14  2.8369e-18 -1.4632e-14  1.1640e-14  1.0997e-17 -9.7648e-15 -6.5418e-16 -5.5290e-18 -4.9326e-15 -8.3046e-18 -2.8441e-14  2.9330e-14  5.6283e-15  3.1253e-15 
 1.5600e+00  2.1825e-03  5.1519e-01  5.5446e-01  2.9517e-03  6.2194e-04  9.7483e-05  5.5812e-15 -2.8270e-15 -1.8873e-15 -8.6691e-16  1.7463e-14  2.9037e-18 -1.4639e-14  1.1645e-14  1.1254e-17 -9.7691e-15 -6.4167e-16 -5.6585e-18 -4.9339e-15 -8.4991e-18 -2.8466e-14  2.9342e-14  5.6283e-15  3.1253e-15 
 1.5700e+00  2.2121e-03  5.1519e-01  5.5815e-01  2.9538e-03  6.2588e-04  9.8677e-05  5.5702e-15 -2.8282e-15 -1.8881e-15 -8.5388e-16  1.7470e-14  2.9721e-18 -1.4645e-14  1.1650e-14  1.1517e-17 -9.7734e-15 -6.2917e-16 -5.7909e-18 -4.9352e-15 -8.6981e-18 -2.8491e-14  2.9353e-14  5.6283e-15  3.1253e-15 
 1.5800e+00  2.2416e-03  5.1519e-01  5.6185e-01  2.9558e-03  6.2981e-04  9.9878e-05  5.5591e-15 -2.8293e-15 -1.8889e-15 -8.4089e-16  1.7477e-14  3.0420e-18 -1.4651e-14  1.1655e-14  1.1786e-17 -9.7776e-15 -6.1670e-16 -5.9264e-18 -4.9365e-15 -8.9016e-18 -2.8515e-14  2.9365e-14  5.6283e-15  3.1253e-15 
 1.5900e+00  2.2712e-03  5.1519e-01  5.6555e-01  2.9576e-03  6.3376e-04  1.0108e-04  5.5481e-15 -2.8305e-15 -1.8897e-15 -8.2792e-16  1.7484e-14  3.1136e-18 -1.4657e-14  1.1659e-14  1.2062e-17 -9.7818e-15 -6.0425e-16 -6.0651e-18 -4.9377e-15 -9.1100e-18 -2.8539e-14  2.9376e-14  5.6283e-15  3.1253e-15 
 1.6000e+00  2.3008e-03  5.1519e-01  5.6926e-01  2.9591e-03  6.3770e-04  1.0230e-04  5.5370e-15 -2.8316e-15 -1.8905e-15 -8.1498e-16  1.7491e-14  3.1869e-18 -1.4663e-14  1.1664e-14  1.2343e-17 -9.7859e-15 -5.9182e-16 -6.2071e-18 -4.9390e-15 -9.3232e-18 -2.8563e-14  2.9387e-14  5.6283e-15  3.1253e-15 
 1.6100e+00  2.3303e-03  5.1519e-01  5.7297e-01  2.9604e-03  6.4165e-04  1.0351e-04  5.5260e-15 -2.8327e-15 -1.8912e-15 -8.0207e-16  1.7498e-14  3.2619e-18 -1.4668e-14  1.1669e-14  1.2632e-17 -9.7900e-15 -5.7941e-16 -6.3523e-18 -4.9402e-15 -9.5414e-18 -2.8587e-14  2.9399e-14  5.6283e-15  3.1253e-15 
 1.6200e+00  2.3600e-03  5.1519e-01  5.7669e-01  2.9616e-03  6.4561e-04  1.0474e-04  5.5150e-15 -2.8338e-15 -1.8920e-15 -7.8919e-16  1.7505e-14  3.3386e-18 -1.4674e-14  1.1673e-14  1.2927e-17 -9.7940e-15 -5.6702e-16 -6.5010e-18 -4.9414e-15 -9.7647e-18 -2.8611e-14  2.9410e-14  5.6283e-15  3.1253e-15 
 1.6300e+00  2.3896e-03  5.1519e-01  5.8041e-01  2.9625e-03  6.4957e-04  1.0597e-04  5.5039e-15 -2.8349e-15 -1.8927e-15 -7.7633e-16  1.7511e-14  3.4173e-18 -1.4680e-14  1.1678e-14  1.3229e-17 -9.7980e-15 -5.5465e-16 -6.6532e-18 -4.9426e-15 -9.9933e-18 -2.8634e-14  2.9421e-14  5.6283e-15  3.1253e-15 
 1.6400e+00  2.4192e-03  5.1519e-01  5.8413e-01  2.9632e-03  6.5354e-04  1.0720e-04  5.4929e-15 -2.8359e-15 -1.8935e-15 -7.6350e-16  1.7518e-14  3.4977e-18 -1.4686e-14  1.1682e-14  1.3539e-17 -9.8019e-15 -5.4230e-16 -6.8090e-18 -4.9438e-15 -1.0227e-17 -2.8658e-14  2.9431e-14  5.6283e-15  3.1253e-15 
 1.6500e+00  2.4488e-03  5.1519e-01  5.8787e-01  2.9638e-03  6.5751e-04  1.0844e-04  5.4819e-15 -2.8370e-15 -1.8942e-15 -7.5069e-16  1.7525e-14  3.5801e-18 -1.4691e-14  1.1686e-14  1.3855e-17 -9.8059e-15 -5.2996e-16 -6.9685e-18 -4.9450e-15 -1.0467e-17 -2.8681e-14  2.9442e-14  5.6283e-15  3.1253e-15 
 1.6600e+00  2.4785e-03  5.1519e-01  5.9160e-01  2.9642e-03  6.6149e-04  1.0969e-04  5.4709e-15 -2.8380e-15 -1.8950e-15 -7.3791e-16  1.7531e-14  3.6645e-18 -1.4697e-14  1.1691e-14  1.4179e-17 -9.8097e-15 -5.1765e-16 -7.1317e-18 -4.9461e-15 -1.0712e-17 -2.8704e-14  2.9452e-14  5.6283e-15  3.1253e-15 
 1.6700e+00  2.5081e-03  5.1519e-01  5.9535e-01  2.9644e-03  6.6548e-04  1.1094e-04  5.4599e-15 -2.8391e-15 -1.8957e-15 -7.2515e-16  1.7537e-14  3.7509e-18 -1.4702e-14  1.1695e-14  1.4511e-17 -9.8136e-15 -5.0535e-16 -7.2989e-18 -4.9473e-15 -1.0963e-17 -2.8727e-14  2.9463e-14  5.6283e-15  3.1253e-15 
 1.6800e+00  2.5377e-03  5.1519e-01  5.9910e-01  2.9644e-03  6.6947e-04  1.1221e-04  5.4489e-15 -2.8401e-15 -1.8964e-15 -7.1242e-16  1.7544e-14  3.8395e-18 -1.4707e-14  1.1699e-14  1.4851e-17 -9.8174e-15 -4.9307e-16 -7.4702e-18 -4.9484e-15 -1.1221e-17 -2.8750e-14  2.9473e-14  5.6283e-15  3.1253e-15 
 1.6900e+00  2.5674e-03  5.1519e-01  6.0286e-01  2.9643e-03  6.7348e-04  1.1347e-04  5.4380e-15 -2.8411e-15 -1.8971e-15 -6.9971e-16  1.7550e-14  3.9301e-18 -1.4713e-14  1.1703e-14  1.5199e-17 -9.8212e-15 -4.8081e-16 -7.6455e-18 -4.9495e-15 -1.1484e-17 -2.8772e-14  2.9483e-14  5.6283e-15  3.1253e-15 
 1.7000e+00  2.5970e-03  5.1519e-01  6.0663e-01  2.9640e-03  6.7749e-04  1.1475e-04  5.4270e-15 -2.8421e-15 -1.8978e-15 -6.8702e-16  1.7556e-14  4.0230e-18 -1.4718e-14  1.1707e-14  1.5556e-17 -9.8249e-15 -4.6856e-16 -7.8250e-18 -4.9506e-15 -1.1754e-17 -2.8795e-14  2.9494e-14  5.6283e-15  3.1253e-15 
 1.7100e+00  2.6267e-03  5.1519e-01  6.1041e-01  2.9635e-03  6.8151e-04  1.1603e-04  5.4160e-15 -2.8431e-15 -1.8985e-15 -6.7436e-16  1.7562e-14  4.1181e-18 -1.4723e-14  1.1711e-14  1.5921e-17 -9.8286e-15 -4.5633e-16 -8.0090e-18 -4.9517e-15 -1.2030e-17 -2.8817e-14  2.9503e-14  5.6283e-15  3.1253e-15 
 1.7200e+00  2.6563e-03  5.1519e-01  6.1419e-01  2.9629e-03  6.8553e-04  1.1732e-04  5.4051e-15 -2.8441e-15 -1.8992e-15 -6.6172e-16  1.7568e-14  4.2156e-18 -1.4728e-14  1.1715e-14  1.6295e-17 -9.8323e-15 -4.4412e-16 -8.1973e-18 -4.9527e-15 -1.2313e-17 -2.8839e-14  2.9513e-14  5.6283e-15  3.1253e-15 
 1.7300e+00  2.6859e-03  5.1519e-01  6.1798e-01  2.9621e-03  6.8957e-04  1.1861e-04  5.3941e-15 -2.8451e-15 -1.8999e-15 -6.4910e-16  1.7574e-14  4.3154e-18 -1.4733e-14  1.1719e-14  1.6678e-17 -9.8359e-15 -4.3192e-16 -8.3903e-18 -4.9538e-15 -1.2603e-17 -2.8861e-14  2.9523e-14  5.6283e-15  3.1253e-15 
 1.7400e+00  2.7155e-03  5.1519e-01  6.2178e-01  2.9612e-03  6.9361e-04  1.1991e-04  5.3831e-15 -2.8460e-15 -1.9006e-15 -6.3650e-16  1.7580e-14  4.4177e-18 -1.4738e-14  1.1723e-14  1.7070e-17 -9.8395e-15 -4.1974e-16 -8.5880e-18 -4.9548e-15 -1.2900e-17 -2.8883e-14  2.9533e-14  5.6283e-15  3.1253e-15 
 1.7500e+00  2.7451e-03  5.1519e-01  6.2559e-01  2.9602e-03  6.9767e-04  1.2122e-04  5.3722e-15 -2.8470e-15 -1.9013e-15 -6.2393e-16  1.7586e-14  4.5226e-18 -1.4743e-14  1.1727e-14  1.7472e-17 -9.8431e-15 -4.0757e-16 -8.7906e-18 -4.9558e-15 -1.3204e-17 -2.8905e-14  2.9542e-14  5.6283e-15  3.1253e-15 
 1.7600e+00  2.7747e-03  5.1519e-01  6.2941e-01  2.9590e-03  7.0173e-04  1.2254e-04  5.3613e-15 -2.8479e-15 -1.9020e-15 -6.1137e-16  1.7592e-14  4.6300e-18 -1.4748e-14  1.1731e-14  1.7884e-17 -9.8467e-15 -3.9542e-16 -8.9981e-18 -4.9568e-15 -1.3516e-17 -2.8927e-14  2.9552e-14  5.6283e-15  3.1253e-15 
 1.7700e+00  2.8043e-03  5.1519e-01  6.3325e-01  2.9576e-03  7.0581e-04  1.2387e-04  5.3503e-15 -2.8489e-15 -1.9026e-15 -5.9884e-16  1.7597e-14  4.7402e-18 -1.4753e-14  1.1734e-14  1.8306e-17 -9.8502e-15 -3.8328e-16 -9.2108e-18 -4.9578e-15 -1.3835e-17 -2.8949e-14  2.9561e-14  5.6283e-15  3.1253e-15 
 1.7800e+00  2.8339e-03  5.1519e-01  6.3709e-01  2.9562e-03  7.0989e-04  1.2520e-04  5.3394e-15 -2.8498e-15 -1.9033e-15 -5.8632e-16  1.7603e-14  4.8531e-18 -1.4758e-14  1.1738e-14  1.8738e-17 -9.8537e-15 -3.7116e-16 -9.4288e-18 -4.9588e-15 -1.4163e-17 -2.8970e-14  2.9571e-14  5.6283e-15  3.1253e-15 
 1.7900e+00  2.8634e-03  5.1519e-01  6.4094e-01  2.9546e-03  7.1399e-04  1.2654e-04  5.3285e-15 -2.8507e-15 -1.9039e-15 -5.7383e-16  1.7609e-14  4.9688e-18 -1.4763e-14  1.1742e-14  1.9182e-17 -9.8572e-15 -3.5905e-16 -9.6521e-18 -4.9598e-15 -1.4498e-17 -2.8992e-14  2.9580e-14  5.6282e-15  3.1253e-15 
 1.8000e+00  2.8929e-03  5.1519e-01  6.4480e-01  2.9528e-03  7.1809e-04  1.2789e-04  5.3175e-15 -2.8516e-15 -1.9046e-15 -5.6135e-16  1.7614e-14  5.0874e-18 -1.4768e-14  1.1746e-14  1.9636e-17 -9.8606e-15 -3.4695e-16 -9.8811e-18 -4.9607e-15 -1.4842e-17 -2.9013e-14  2.9589e-14  5.6282e-15  3.1253e-15 
