 0.0000e+00  3.5184e-14  7.7443e-01  4.3382e-02  9.4673e-13  3.2446e-14  1.4759e-12  7.6679e-01  7.2933e-01  9.5200e-13  1.3320e-03  1.8000e+00 
 1.0000e-02  4.6048e-14  7.7443e-01  4.3382e-02  1.2390e-12  4.2140e-14  1.8499e-12  7.6679e-01  7.2371e-01  1.2223e-12  1.3233e-03  1.8000e+00 
 2.0000e-02  6.0265e-14  7.7443e-01  4.3382e-02  1.6216e-12  5.4727e-14  1.8611e-12  7.6679e-01  7.1810e-01  1.2595e-12  1.3145e-03  1.8000e+00 
 3.0000e-02  7.8872e-14  7.7443e-01  4.3382e-02  2.1222e-12  7.1069e-14  1.8844e-12  7.6679e-01  7.1249e-01  1.3058e-12  1.3055e-03  1.8000e+00 
 4.0000e-02  1.0322e-13  7.7443e-01  4.3382e-02  2.7774e-12  9.2284e-14  1.9034e-12  7.6679e-01  7.0688e-01  1.3504e-12  1.2964e-03  1.8000e+00 
 5.0000e-02  1.3509e-13  7.7443e-01  4.3382e-02  3.6348e-12  1.1982e-13  1.9405e-12  7.6679e-01  7.0127e-01  1.4093e-12  1.2871e-03  1.8000e+00 
 6.0000e-02  1.7680e-13  7.7443e-01  4.3382e-02  4.7569e-12  1.5557e-13  1.9796e-12  7.6679e-01  6.9566e-01  1.4715e-12  1.2777e-03  1.8000e+00 
 7.0000e-02  2.3138e-13  7.7443e-01  4.3382e-02  6.2253e-12  2.0197e-13  2.0361e-12  7.6679e-01  6.9006e-01  1.5488e-12  1.2681e-03  1.8000e+00 
 8.0000e-02  3.0281e-13  7.7443e-01  4.3382e-02  8.1469e-12  2.6219e-13  2.1043e-12  7.6679e-01  6.8445e-01  1.6377e-12  1.2584e-03  1.8000e+00 
 9.0000e-02  3.9629e-13  7.7443e-01  4.3382e-02  1.0662e-11  3.4034e-13  2.2004e-12  7.6679e-01  6.7885e-01  1.7519e-12  1.2485e-03  1.8000e+00 
 1.0000e-01  5.1862e-13  7.7443e-01  4.3382e-02  1.3952e-11  4.4175e-13  2.3183e-12  7.6679e-01  6.7324e-01  1.8881e-12  1.2385e-03  1.8000e+00 
 1.1000e-01  6.7871e-13  7.7443e-01  4.3382e-02  1.8258e-11  5.7333e-13  2.4841e-12  7.6679e-01  6.6764e-01  2.0692e-12  1.2284e-03  1.8000e+00 
 1.2000e-01  8.8821e-13  7.7443e-01  4.3382e-02  2.3893e-11  7.4404e-13  2.6885e-12  7.6679e-01  6.6203e-01  2.2901e-12  1.2181e-03  1.8000e+00 
 1.3000e-01  1.1624e-12  7.7443e-01  4.3382e-02  3.1266e-11  9.6550e-13  2.9666e-12  7.6679e-01  6.5641e-01  2.5839e-12  1.2076e-03  1.8000e+00 
 1.4000e-01  1.5211e-12  7.7443e-01  4.3382e-02  4.0913e-11  1.2528e-12  3.3255e-12  7.6679e-01  6.5080e-01  2.9613e-12  1.1970e-03  1.8000e+00 
 1.5000e-01  1.9905e-12  7.7443e-01  4.3382e-02  5.3536e-11  1.6254e-12  3.7951e-12  7.6679e-01  6.4518e-01  3.4548e-12  1.1863e-03  1.8000e+00 
 1.6000e-01  2.6047e-12  7.7443e-01  4.3382e-02  7.0051e-11  2.1085e-12  4.4055e-12  7.6679e-01  6.3955e-01  4.0995e-12  1.1754e-03  1.8000e+00 
 1.7000e-01  3.4085e-12  7.7443e-01  4.3382e-02  9.1657e-11  2.7351e-12  5.2129e-12  7.6679e-01  6.3392e-01  4.9578e-12  1.1644e-03  1.8000e+00 
 1.8000e-01  4.4600e-12  7.7443e-01  4.3382e-02  1.1992e-10  3.5475e-12  6.2644e-12  7.6679e-01  6.2829e-01  6.0889e-12  1.1533e-03  1.8000e+00 
 1.9000e-01  5.8359e-12  7.7443e-01  4.3382e-02  1.5690e-10  4.6007e-12  7.6412e-12  7.6679e-01  6.2264e-01  7.5900e-12  1.1420e-03  1.8000e+00 
 2.0000e-01  7.6359e-12  7.7443e-01  4.3382e-02  2.0527e-10  5.9660e-12  9.4463e-12  7.6679e-01  6.1699e-01  9.5879e-12  1.1306e-03  1.8000e+00 
 2.1000e-01  9.9907e-12  7.7443e-01  4.3382e-02  2.6853e-10  7.7353e-12  1.1806e-11  7.6679e-01  6.1133e-01  1.2243e-11  1.1190e-03  1.8000e+00 
 2.2000e-01  1.3071e-11  7.7443e-01  4.3382e-02  3.5126e-10  1.0028e-11  1.4881e-11  7.6679e-01  6.0567e-01  1.5768e-11  1.1074e-03  1.8000e+00 
 2.3000e-01  1.7101e-11  7.7443e-01  4.3382e-02  4.5946e-10  1.2999e-11  1.8914e-11  7.6679e-01  5.9999e-01  2.0475e-11  1.0956e-03  1.8000e+00 
 2.4000e-01  2.2371e-11  7.7443e-01  4.3382e-02  6.0093e-10  1.6847e-11  2.4191e-11  7.6679e-01  5.9430e-01  2.6753e-11  1.0837e-03  1.8000e+00 
 2.5000e-01  2.9264e-11  7.7443e-01  4.3382e-02  7.8588e-10  2.1832e-11  3.1087e-11  7.6679e-01  5.8860e-01  3.5119e-11  1.0716e-03  1.8000e+00 
 2.6000e-01  3.8278e-11  7.7443e-01  4.3382e-02  1.0276e-09  2.8286e-11  4.0108e-11  7.6679e-01  5.8289e-01  4.6284e-11  1.0594e-03  1.8000e+00 
 2.7000e-01  5.0064e-11  7.7443e-01  4.3382e-02  1.3436e-09  3.6643e-11  5.1902e-11  7.6679e-01  5.7716e-01  6.1179e-11  1.0472e-03  1.8000e+00 
 2.8000e-01  6.5472e-11  7.7443e-01  4.3382e-02  1.7565e-09  4.7459e-11  6.7319e-11  7.6679e-01  5.7143e-01  8.1052e-11  1.0348e-03  1.8000e+00 
 2.9000e-01  8.5614e-11  7.7443e-01  4.3382e-02  2.2959e-09  6.1455e-11  8.7478e-11  7.6679e-01  5.6567e-01  1.0758e-10  1.0222e-03  1.8000e+00 
 3.0000e-01  1.1194e-10  7.7443e-01  4.3382e-02  3.0003e-09  7.9561e-11  1.1382e-10  7.6679e-01  5.5991e-01  1.4297e-10  1.0096e-03  1.8000e+00 
 3.1000e-01  1.4634e-10  7.7443e-01  4.3382e-02  3.9200e-09  1.0298e-10  1.4824e-10  7.6679e-01  5.5412e-01  1.9019e-10  9.9688e-04  1.8000e+00 
 3.2000e-01  1.9127e-10  7.7443e-01  4.3383e-02  5.1204e-09  1.3325e-10  1.9321e-10  7.6679e-01  5.4832e-01  2.5318e-10  9.8404e-04  1.8000e+00 
 3.3000e-01  2.4996e-10  7.7443e-01  4.3383e-02  6.6866e-09  1.7237e-10  2.5194e-10  7.6679e-01  5.4251e-01  3.3720e-10  9.7109e-04  1.8000e+00 
 3.4000e-01  3.2659e-10  7.7443e-01  4.3384e-02  8.7290e-09  2.2292e-10  3.2862e-10  7.6679e-01  5.3667e-01  4.4924e-10  9.5804e-04  1.8000e+00 
 3.5000e-01  4.2660e-10  7.7443e-01  4.3384e-02  1.1391e-08  2.8818e-10  4.2871e-10  7.6679e-01  5.3082e-01  5.9862e-10  9.4490e-04  1.8000e+00 
 3.6000e-01  5.5709e-10  7.7443e-01  4.3385e-02  1.4859e-08  3.7241e-10  5.5929e-10  7.6679e-01  5.2494e-01  7.9770e-10  9.3166e-04  1.8000e+00 
 3.7000e-01  7.2726e-10  7.7443e-01  4.3386e-02  1.9374e-08  4.8106e-10  7.2959e-10  7.6679e-01  5.1905e-01  1.0629e-09  9.1832e-04  1.8000e+00 
 3.8000e-01  9.4908e-10  7.7443e-01  4.3387e-02  2.5246e-08  6.2113e-10  9.5156e-10  7.6679e-01  5.1313e-01  1.4162e-09  9.0490e-04  1.8000e+00 
 3.9000e-01  1.2380e-09  7.7443e-01  4.3389e-02  3.2879e-08  8.0159e-10  1.2407e-09  7.6679e-01  5.0719e-01  1.8864e-09  8.9139e-04  1.8000e+00 
 4.0000e-01  1.6142e-09  7.7443e-01  4.3392e-02  4.2790e-08  1.0339e-09  1.6172e-09  7.6679e-01  5.0123e-01  2.5120e-09  8.7779e-04  1.8000e+00 
 4.1000e-01  2.1036e-09  7.7443e-01  4.3395e-02  5.5645e-08  1.3327e-09  2.1069e-09  7.6679e-01  4.9524e-01  3.3437e-09  8.6412e-04  1.8000e+00 
 4.2000e-01  2.7398e-09  7.7443e-01  4.3398e-02  7.2297e-08  1.7168e-09  2.7435e-09  7.6679e-01  4.8923e-01  4.4489e-09  8.5036e-04  1.8000e+00 
 4.3000e-01  3.5658e-09  7.7443e-01  4.3404e-02  9.3837e-08  2.2098e-09  3.5702e-09  7.6679e-01  4.8320e-01  5.9160e-09  8.3654e-04  1.8000e+00 
 4.4000e-01  4.6374e-09  7.7443e-01  4.3410e-02  1.2166e-07  2.8421e-09  4.6425e-09  7.6679e-01  4.7714e-01  7.8620e-09  8.2264e-04  1.8000e+00 
 4.5000e-01  6.0257e-09  7.7443e-01  4.3419e-02  1.5752e-07  3.6519e-09  6.0319e-09  7.6679e-01  4.7105e-01  1.0440e-08  8.0867e-04  1.8000e+00 
 4.6000e-01  7.8220e-09  7.7443e-01  4.3430e-02  2.0366e-07  4.6877e-09  7.8294e-09  7.6679e-01  4.6493e-01  1.3853e-08  7.9464e-04  1.8000e+00 
 4.7000e-01  1.0142e-08  7.7443e-01  4.3444e-02  2.6288e-07  6.0105e-09  1.0152e-08  7.6679e-01  4.5879e-01  1.8362e-08  7.8054e-04  1.8000e+00 
 4.8000e-01  1.3135e-08  7.7443e-01  4.3462e-02  3.3870e-07  7.6969e-09  1.3146e-08  7.6678e-01  4.5262e-01  2.4313e-08  7.6639e-04  1.8000e+00 
 4.9000e-01  1.6986e-08  7.7443e-01  4.3486e-02  4.3549e-07  9.8429e-09  1.7000e-08  7.6678e-01  4.4641e-01  3.2152e-08  7.5218e-04  1.8000e+00 
 5.0000e-01  2.1932e-08  7.7443e-01  4.3516e-02  5.5864e-07  1.2568e-08  2.1950e-08  7.6678e-01  4.4018e-01  4.2459e-08  7.3792e-04  1.8000e+00 
 5.1000e-01  2.8268e-08  7.7443e-01  4.3555e-02  7.1477e-07  1.6020e-08  2.8291e-08  7.6678e-01  4.3391e-01  5.5982e-08  7.2361e-04  1.8000e+00 
 5.2000e-01  3.6364e-08  7.7443e-01  4.3605e-02  9.1194e-07  2.0383e-08  3.6392e-08  7.6678e-01  4.2762e-01  7.3680e-08  7.0925e-04  1.7999e+00 
 5.3000e-01  4.6675e-08  7.7443e-01  4.3668e-02  1.1598e-06  2.5880e-08  4.6711e-08  7.6678e-01  4.2129e-01  9.6781e-08  6.9485e-04  1.7999e+00 
 5.4000e-01  5.9766e-08  7.7443e-01  4.3749e-02  1.4699e-06  3.2786e-08  5.9811e-08  7.6678e-01  4.1493e-01  1.2685e-07  6.8040e-04  1.7999e+00 
 5.5000e-01  7.6325e-08  7.7443e-01  4.3850e-02  1.8559e-06  4.1433e-08  7.6382e-08  7.6677e-01  4.0853e-01  1.6585e-07  6.6591e-04  1.7999e+00 
 5.6000e-01  9.7186e-08  7.7443e-01  4.3978e-02  2.3334e-06  5.2218e-08  9.7258e-08  7.6677e-01  4.0211e-01  2.1626e-07  6.5139e-04  1.7999e+00 
 5.7000e-01  1.2335e-07  7.7443e-01  4.4138e-02  2.9204e-06  6.5616e-08  1.2344e-07  7.6677e-01  3.9564e-01  2.8116e-07  6.3683e-04  1.7998e+00 
 5.8000e-01  1.5602e-07  7.7443e-01  4.4338e-02  3.6373e-06  8.2187e-08  1.5613e-07  7.6676e-01  3.8915e-01  3.6437e-07  6.2223e-04  1.7997e+00 
 5.9000e-01  1.9659e-07  7.7443e-01  4.4586e-02  4.5064e-06  1.0258e-07  1.9674e-07  7.6675e-01  3.8261e-01  4.7057e-07  6.0759e-04  1.7997e+00 
 6.0000e-01  2.4672e-07  7.7443e-01  4.4891e-02  5.5519e-06  1.2756e-07  2.4689e-07  7.6674e-01  3.7605e-01  6.0546e-07  5.9291e-04  1.7996e+00 
 6.1000e-01  3.0828e-07  7.7443e-01  4.5266e-02  6.7994e-06  1.5798e-07  3.0850e-07  7.6673e-01  3.6945e-01  7.7589e-07  5.7820e-04  1.7995e+00 
 6.2000e-01  3.8342e-07  7.7443e-01  4.5721e-02  8.2754e-06  1.9480e-07  3.8370e-07  7.6671e-01  3.6281e-01  9.9008e-07  5.6344e-04  1.7993e+00 
 6.3000e-01  4.7457e-07  7.7443e-01  4.6272e-02  1.0006e-05  2.3910e-07  4.7490e-07  7.6669e-01  3.5615e-01  1.2577e-06  5.4863e-04  1.7991e+00 
 6.4000e-01  5.8438e-07  7.7443e-01  4.6932e-02  1.2018e-05  2.9202e-07  5.8479e-07  7.6667e-01  3.4944e-01  1.5903e-06  5.3378e-04  1.7989e+00 
 6.5000e-01  7.1578e-07  7.7443e-01  4.7718e-02  1.4333e-05  3.5480e-07  7.1628e-07  7.6664e-01  3.4271e-01  2.0009e-06  5.1886e-04  1.7986e+00 
 6.6000e-01  8.7190e-07  7.7443e-01  4.8647e-02  1.6974e-05  4.2873e-07  8.7251e-07  7.6660e-01  3.3594e-01  2.5048e-06  5.0388e-04  1.7983e+00 
 6.7000e-01  1.0561e-06  7.7443e-01  4.9735e-02  1.9958e-05  5.1510e-07  1.0568e-06  7.6655e-01  3.2915e-01  3.1196e-06  4.8883e-04  1.7978e+00 
 6.8000e-01  1.2717e-06  7.7443e-01  5.0998e-02  2.3296e-05  6.1519e-07  1.2726e-06  7.6649e-01  3.2233e-01  3.8648e-06  4.7369e-04  1.7973e+00 
 6.9000e-01  1.5225e-06  7.7443e-01  5.2453e-02  2.6995e-05  7.3024e-07  1.5235e-06  7.6642e-01  3.1548e-01  4.7627e-06  4.5845e-04  1.7967e+00 
 7.0000e-01  1.8118e-06  7.7443e-01  5.4115e-02  3.1056e-05  8.6136e-07  1.8130e-06  7.6634e-01  3.0860e-01  5.8381e-06  4.4311e-04  1.7959e+00 
 7.1000e-01  2.1433e-06  7.7443e-01  5.5995e-02  3.5472e-05  1.0095e-06  2.1447e-06  7.6624e-01  3.0171e-01  7.1184e-06  4.2763e-04  1.7950e+00 
 7.2000e-01  2.5203e-06  7.7443e-01  5.8105e-02  4.0231e-05  1.1754e-06  2.5219e-06  7.6612e-01  2.9479e-01  8.6341e-06  4.1202e-04  1.7939e+00 
 7.3000e-01  2.9461e-06  7.7443e-01  6.0451e-02  4.5311e-05  1.3597e-06  2.9480e-06  7.6598e-01  2.8787e-01  1.0419e-05  3.9624e-04  1.7926e+00 
 7.4000e-01  3.4236e-06  7.7443e-01  6.3039e-02  5.0684e-05  1.5625e-06  3.4257e-06  7.6581e-01  2.8093e-01  1.2509e-05  3.8027e-04  1.7911e+00 
 7.5000e-01  3.9554e-06  7.7444e-01  6.5868e-02  5.6317e-05  1.7837e-06  3.9577e-06  7.6561e-01  2.7399e-01  1.4946e-05  3.6410e-04  1.7893e+00 
 7.6000e-01  4.5436e-06  7.7444e-01  6.8936e-02  6.2169e-05  2.0231e-06  4.5462e-06  7.6538e-01  2.6705e-01  1.7773e-05  3.4770e-04  1.7872e+00 
 7.7000e-01  5.1899e-06  7.7444e-01  7.2237e-02  6.8193e-05  2.2800e-06  5.1928e-06  7.6511e-01  2.6012e-01  2.1040e-05  3.3103e-04  1.7847e+00 
 7.8000e-01  5.8954e-06  7.7444e-01  7.5759e-02  7.4339e-05  2.5534e-06  5.8986e-06  7.6479e-01  2.5320e-01  2.4802e-05  3.1406e-04  1.7818e+00 
 7.9000e-01  6.6607e-06  7.7444e-01  7.9491e-02  8.0555e-05  2.8422e-06  6.6641e-06  7.6442e-01  2.4631e-01  2.9120e-05  2.9675e-04  1.7784e+00 
 8.0000e-01  7.4854e-06  7.7444e-01  8.3414e-02  8.6784e-05  3.1448e-06  7.4891e-06  7.6398e-01  2.3946e-01  3.4064e-05  2.7905e-04  1.7745e+00 
 8.1000e-01  8.3689e-06  7.7444e-01  8.7512e-02  9.2974e-05  3.4598e-06  8.3727e-06  7.6347e-01  2.3265e-01  3.9717e-05  2.6090e-04  1.7698e+00 
 8.2000e-01  9.3093e-06  7.7444e-01  9.1764e-02  9.9069e-05  3.7854e-06  9.3133e-06  7.6287e-01  2.2591e-01  4.6177e-05  2.4221e-04  1.7644e+00 
 8.3000e-01  1.0304e-05  7.7444e-01  9.6148e-02  1.0502e-04  4.1198e-06  1.0308e-05  7.6216e-01  2.1925e-01  5.3565e-05  2.2289e-04  1.7580e+00 
 8.4000e-01  1.1351e-05  7.7444e-01  1.0064e-01  1.1077e-04  4.4613e-06  1.1355e-05  7.6132e-01  2.1270e-01  6.2039e-05  2.0278e-04  1.7503e+00 
 8.5000e-01  1.2443e-05  7.7444e-01  1.0523e-01  1.1629e-04  4.8080e-06  1.2447e-05  7.6031e-01  2.0629e-01  7.1814e-05  1.8168e-04  1.7412e+00 
 8.6000e-01  1.3577e-05  7.7444e-01  1.0988e-01  1.2151e-04  5.1584e-06  1.3579e-05  7.5908e-01  2.0005e-01  8.3198e-05  1.5928e-04  1.7300e+00 
 8.7000e-01  1.4742e-05  7.7444e-01  1.1458e-01  1.2640e-04  5.5109e-06  1.4742e-05  7.5754e-01  1.9407e-01  9.6676e-05  1.3511e-04  1.7159e+00 
 8.8000e-01  1.5924e-05  7.7444e-01  1.1931e-01  1.3089e-04  5.8641e-06  1.5920e-05  7.5552e-01  1.8846e-01  1.1305e-04  1.0842e-04  1.6976e+00 
 8.9000e-01  1.7097e-05  7.7444e-01  1.2406e-01  1.3486e-04  6.2169e-06  1.7079e-05  7.5269e-01  1.8346e-01  1.3368e-04  7.8154e-05  1.6718e+00 
 9.0000e-01  1.8194e-05  7.7444e-01  1.2881e-01  1.3802e-04  6.5686e-06  1.8132e-05  7.4809e-01  1.7973e-01  1.5922e-04  4.5627e-05  1.6300e+00 
 9.1000e-01  1.9051e-05  7.7444e-01  1.3354e-01  1.3966e-04  6.9203e-06  1.9053e-05  7.3941e-01  1.7890e-01  1.7979e-04  2.6980e-05  1.5512e+00 
 9.2000e-01  1.9734e-05  7.7444e-01  1.3825e-01  1.4033e-04  7.2730e-06  1.9736e-05  7.2830e-01  1.7979e-01  1.8835e-04  2.3978e-05  1.4502e+00 
 9.3000e-01  2.0342e-05  7.7444e-01  1.4292e-01  1.4062e-04  7.6279e-06  2.0342e-05  7.1653e-01  1.8116e-01  1.9413e-04  2.3258e-05  1.3432e+00 
 9.4000e-01  2.0896e-05  7.7444e-01  1.4754e-01  1.4069e-04  7.9878e-06  2.0897e-05  7.0452e-01  1.8270e-01  1.9885e-04  2.2958e-05  1.2341e+00 
 9.5000e-01  2.1404e-05  7.7444e-01  1.5211e-01  1.4058e-04  8.3576e-06  2.1404e-05  6.9242e-01  1.8432e-01  2.0285e-04  2.2807e-05  1.1241e+00 
 9.6000e-01  2.1866e-05  7.7444e-01  1.5663e-01  1.4030e-04  8.7449e-06  2.1866e-05  6.8030e-01  1.8596e-01  2.0627e-04  2.2724e-05  1.0139e+00 
 9.7000e-01  2.2283e-05  7.7444e-01  1.6108e-01  1.3987e-04  9.1631e-06  2.2283e-05  6.6820e-01  1.8759e-01  2.0918e-04  2.2672e-05  9.0393e-01 
 9.8000e-01  2.2653e-05  7.7444e-01  1.6547e-01  1.3925e-04  9.6359e-06  2.2653e-05  6.5619e-01  1.8917e-01  2.1163e-04  2.2630e-05  7.9470e-01 
 9.9000e-01  2.2970e-05  7.7445e-01  1.6979e-01  1.3838e-04  1.0208e-05  2.2970e-05  6.4429e-01  1.9067e-01  2.1361e-04  2.2584e-05  6.8661e-01 
 1.0000e+00  2.3224e-05  7.7445e-01  1.7404e-01  1.3715e-04  1.0976e-05  2.3224e-05  6.3260e-01  1.9203e-01  2.1509e-04  2.2522e-05  5.8028e-01 
 1.0100e+00  2.3395e-05  7.7445e-01  1.7822e-01  1.3530e-04  1.2171e-05  2.3395e-05  6.2121e-01  1.9317e-01  2.1599e-04  2.2428e-05  4.7677e-01 
 1.0200e+00  2.3437e-05  7.7445e-01  1.8234e-01  1.3222e-04  1.4463e-05  2.3438e-05  6.1037e-01  1.9392e-01  2.1605e-04  2.2278e-05  3.7822e-01 
 1.0300e+00  2.3245e-05  7.7445e-01  1.8639e-01  1.2628e-04  2.0173e-05  2.3250e-05  6.0060e-01  1.9388e-01  2.1472e-04  2.2017e-05  2.8943e-01 
 1.0400e+00  2.2631e-05  7.7445e-01  1.9037e-01  1.1435e-04  3.5551e-05  2.2632e-05  5.9297e-01  1.9226e-01  2.1082e-04  2.1537e-05  2.2014e-01 
 1.0500e+00  2.1530e-05  7.7445e-01  1.9428e-01  9.7796e-05  6.1226e-05  2.1531e-05  5.8792e-01  1.8878e-01  2.0395e-04  2.0800e-05  1.7417e-01 
 1.0600e+00  2.0163e-05  7.7445e-01  1.9813e-01  8.2744e-05  8.6489e-05  2.0163e-05  5.8452e-01  1.8409e-01  1.9525e-04  1.9902e-05  1.4329e-01 
 1.0700e+00  1.8703e-05  7.7445e-01  2.0192e-01  7.0426e-05  1.0829e-04  1.8703e-05  5.8200e-01  1.7880e-01  1.8565e-04  1.8926e-05  1.2041e-01 
 1.0800e+00  1.7222e-05  7.7445e-01  2.0565e-01  6.0221e-05  1.2738e-04  1.7231e-05  5.8001e-01  1.7318e-01  1.7558e-04  1.7910e-05  1.0228e-01 
 1.0900e+00  1.5779e-05  7.7445e-01  2.0932e-01  5.1691e-05  1.4439e-04  1.5783e-05  5.7838e-01  1.6735e-01  1.6527e-04  1.6872e-05  8.7537e-02 
 1.1000e+00  1.4382e-05  7.7445e-01  2.1294e-01  4.4425e-05  1.5987e-04  1.4385e-05  5.7703e-01  1.6141e-01  1.5486e-04  1.5824e-05  7.5194e-02 
 1.1100e+00  1.3047e-05  7.7445e-01  2.1650e-01  3.8188e-05  1.7410e-04  1.3049e-05  5.7587e-01  1.5542e-01  1.4445e-04  1.4778e-05  6.4721e-02 
 1.1200e+00  1.1783e-05  7.7445e-01  2.2001e-01  3.2809e-05  1.8728e-04  1.1784e-05  5.7489e-01  1.4941e-01  1.3414e-04  1.3739e-05  5.5756e-02 
 1.1300e+00  1.0595e-05  7.7445e-01  2.2347e-01  2.8157e-05  1.9956e-04  1.0595e-05  5.7404e-01  1.4343e-01  1.2399e-04  1.2715e-05  4.8036e-02 
 1.1400e+00  9.4866e-06  7.7445e-01  2.2688e-01  2.4130e-05  2.1105e-04  9.4869e-06  5.7330e-01  1.3752e-01  1.1406e-04  1.1712e-05  4.1363e-02 
 1.1500e+00  8.4594e-06  7.7445e-01  2.3024e-01  2.0642e-05  2.2184e-04  8.4597e-06  5.7267e-01  1.3169e-01  1.0443e-04  1.0737e-05  3.5581e-02 
 1.1600e+00  7.5135e-06  7.7445e-01  2.3357e-01  1.7624e-05  2.3200e-04  7.5137e-06  5.7212e-01  1.2597e-01  9.5136e-05  9.7932e-06  3.0568e-02 
 1.1700e+00  6.6477e-06  7.7445e-01  2.3684e-01  1.5016e-05  2.4159e-04  6.6478e-06  5.7164e-01  1.2040e-01  8.6236e-05  8.8878e-06  2.6221e-02 
 1.1800e+00  5.8599e-06  7.7445e-01  2.4008e-01  1.2767e-05  2.5067e-04  5.8600e-06  5.7122e-01  1.1499e-01  7.7774e-05  8.0248e-06  2.2456e-02 
 1.1900e+00  5.1474e-06  7.7445e-01  2.4328e-01  1.0832e-05  2.5929e-04  5.1475e-06  5.7087e-01  1.0977e-01  6.9786e-05  7.2084e-06  1.9197e-02 
 1.2000e+00  4.5066e-06  7.7445e-01  2.4644e-01  9.1712e-06  2.6748e-04  4.5067e-06  5.7056e-01  1.0475e-01  6.2304e-05  6.4420e-06  1.6384e-02 
 1.2100e+00  3.9336e-06  7.7445e-01  2.4957e-01  7.7500e-06  2.7529e-04  3.9336e-06  5.7029e-01  9.9945e-02  5.5350e-05  5.7282e-06  1.3960e-02 
 1.2200e+00  3.4239e-06  7.7445e-01  2.5266e-01  6.5374e-06  2.8276e-04  3.4239e-06  5.7006e-01  9.5376e-02  4.8937e-05  5.0687e-06  1.1877e-02 
 1.2300e+00  2.9728e-06  7.7445e-01  2.5572e-01  5.5059e-06  2.8992e-04  2.9728e-06  5.6986e-01  9.1050e-02  4.3069e-05  4.4641e-06  1.0090e-02 
 1.2400e+00  2.5756e-06  7.7445e-01  2.5874e-01  4.6309e-06  2.9679e-04  2.5756e-06  5.6970e-01  8.6976e-02  3.7741e-05  3.9143e-06  8.5632e-03 
 1.2500e+00  2.2275e-06  7.7445e-01  2.6174e-01  3.8908e-06  3.0342e-04  2.2274e-06  5.6955e-01  8.3158e-02  3.2941e-05  3.4182e-06  7.2606e-03 
 1.2600e+00  1.9235e-06  7.7445e-01  2.6471e-01  3.2664e-06  3.0981e-04  1.9235e-06  5.6943e-01  7.9597e-02  2.8647e-05  2.9739e-06  6.1521e-03 
 1.2700e+00  1.6591e-06  7.7445e-01  2.6765e-01  2.7407e-06  3.1600e-04  1.6591e-06  5.6933e-01  7.6292e-02  2.4833e-05  2.5788e-06  5.2108e-03 
 1.2800e+00  1.4299e-06  7.7445e-01  2.7057e-01  2.2991e-06  3.2201e-04  1.4299e-06  5.6924e-01  7.3238e-02  2.1467e-05  2.2298e-06  4.4130e-03 
 1.2900e+00  1.2317e-06  7.7445e-01  2.7346e-01  1.9286e-06  3.2785e-04  1.2317e-06  5.6916e-01  7.0430e-02  1.8514e-05  1.9233e-06  3.7378e-03 
 1.3000e+00  1.0607e-06  7.7445e-01  2.7633e-01  1.6183e-06  3.3354e-04  1.0607e-06  5.6910e-01  6.7859e-02  1.5938e-05  1.6558e-06  3.1670e-03 
 1.3100e+00  9.1356e-07  7.7445e-01  2.7917e-01  1.3585e-06  3.3910e-04  9.1355e-07  5.6905e-01  6.5514e-02  1.3701e-05  1.4234e-06  2.6849e-03 
 1.3200e+00  7.8700e-07  7.7445e-01  2.8200e-01  1.1412e-06  3.4453e-04  7.8699e-07  5.6900e-01  6.3384e-02  1.1767e-05  1.2224e-06  2.2779e-03 
 1.3300e+00  6.7827e-07  7.7445e-01  2.8480e-01  9.5943e-07  3.4986e-04  6.7826e-07  5.6897e-01  6.1456e-02  1.0099e-05  1.0490e-06  1.9344e-03 
 1.3400e+00  5.8490e-07  7.7445e-01  2.8758e-01  8.0738e-07  3.5508e-04  5.8489e-07  5.6893e-01  5.9716e-02  8.6667e-06  9.0007e-07  1.6443e-03 
 1.3500e+00  5.0474e-07  7.7445e-01  2.9035e-01  6.8013e-07  3.6021e-04  5.0473e-07  5.6891e-01  5.8151e-02  7.4380e-06  7.7231e-07  1.3993e-03 
 1.3600e+00  4.3591e-07  7.7445e-01  2.9310e-01  5.7356e-07  3.6525e-04  4.3590e-07  5.6888e-01  5.6747e-02  6.3860e-06  6.6293e-07  1.1921e-03 
 1.3700e+00  3.7677e-07  7.7445e-01  2.9583e-01  4.8423e-07  3.7021e-04  3.7676e-07  5.6886e-01  5.5491e-02  5.4861e-06  5.6938e-07  1.0168e-03 
 1.3800e+00  3.2593e-07  7.7445e-01  2.9854e-01  4.0927e-07  3.7510e-04  3.2593e-07  5.6885e-01  5.4371e-02  4.7168e-06  4.8941e-07  8.6837e-04 
 1.3900e+00  2.8220e-07  7.7445e-01  3.0124e-01  3.4630e-07  3.7992e-04  2.8219e-07  5.6883e-01  5.3372e-02  4.0592e-06  4.2107e-07  7.4245e-04 
 1.4000e+00  2.4453e-07  7.7445e-01  3.0393e-01  2.9334e-07  3.8467e-04  2.4453e-07  5.6882e-01  5.2485e-02  3.4967e-06  3.6264e-07  6.3551e-04 
 1.4100e+00  2.1206e-07  7.7445e-01  3.0660e-01  2.4873e-07  3.8935e-04  2.1206e-07  5.6881e-01  5.1698e-02  3.0155e-06  3.1266e-07  5.4457e-04 
 1.4200e+00  1.8404e-07  7.7445e-01  3.0926e-01  2.1111e-07  3.9397e-04  1.8404e-07  5.6880e-01  5.1000e-02  2.6034e-06  2.6987e-07  4.6713e-04 
 1.4300e+00  1.5984e-07  7.7445e-01  3.1190e-01  1.7935e-07  3.9854e-04  1.5983e-07  5.6880e-01  5.0383e-02  2.2501e-06  2.3319e-07  4.0108e-04 
 1.4400e+00  1.3890e-07  7.7445e-01  3.1454e-01  1.5249e-07  4.0304e-04  1.3890e-07  5.6879e-01  4.9838e-02  1.9468e-06  2.0172e-07  3.4468e-04 
 1.4500e+00  1.2078e-07  7.7445e-01  3.1716e-01  1.2975e-07  4.0750e-04  1.2078e-07  5.6879e-01  4.9356e-02  1.6862e-06  1.7469e-07  2.9646e-04 
 1.4600e+00  1.0508e-07  7.7445e-01  3.1977e-01  1.1048e-07  4.1189e-04  1.0507e-07  5.6878e-01  4.8932e-02  1.4619e-06  1.5143e-07  2.5517e-04 
 1.4700e+00  9.1452e-08  7.7445e-01  3.2238e-01  9.4129e-08  4.1624e-04  9.1447e-08  5.6878e-01  4.8558e-02  1.2686e-06  1.3140e-07  2.1978e-04 
 1.4800e+00  7.9623e-08  7.7445e-01  3.2497e-01  8.0241e-08  4.2053e-04  7.9618e-08  5.6877e-01  4.8228e-02  1.1019e-06  1.1411e-07  1.8941e-04 
 1.4900e+00  6.9345e-08  7.7445e-01  3.2756e-01  6.8433e-08  4.2477e-04  6.9340e-08  5.6877e-01  4.7939e-02  9.5780e-07  9.9187e-08  1.6332e-04 
 1.5000e+00  6.0407e-08  7.7445e-01  3.3013e-01  5.8385e-08  4.2896e-04  6.0402e-08  5.6877e-01  4.7684e-02  8.3319e-07  8.6279e-08  1.4088e-04 
 1.5100e+00  5.2629e-08  7.7445e-01  3.3270e-01  4.9827e-08  4.3311e-04  5.2624e-08  5.6877e-01  4.7460e-02  7.2528e-07  7.5103e-08  1.2157e-04 
 1.5200e+00  4.5856e-08  7.7445e-01  3.3527e-01  4.2533e-08  4.3720e-04  4.5852e-08  5.6876e-01  4.7263e-02  6.3172e-07  6.5416e-08  1.0494e-04 
 1.5300e+00  3.9955e-08  7.7445e-01  3.3782e-01  3.6312e-08  4.4125e-04  3.9951e-08  5.6876e-01  4.7091e-02  5.5053e-07  5.7011e-08  9.0596e-05 
 1.5400e+00  3.4811e-08  7.7445e-01  3.4037e-01  3.1003e-08  4.4525e-04  3.4807e-08  5.6876e-01  4.6939e-02  4.8001e-07  4.9712e-08  7.8225e-05 
 1.5500e+00  3.0325e-08  7.7445e-01  3.4291e-01  2.6470e-08  4.4920e-04  3.0321e-08  5.6876e-01  4.6806e-02  4.1869e-07  4.3366e-08  6.7546e-05 
 1.5600e+00  2.6412e-08  7.7445e-01  3.4545e-01  2.2598e-08  4.5311e-04  2.6407e-08  5.6876e-01  4.6690e-02  3.6534e-07  3.7846e-08  5.8322e-05 
 1.5700e+00  2.2996e-08  7.7445e-01  3.4798e-01  1.9288e-08  4.5698e-04  2.2992e-08  5.6876e-01  4.6588e-02  3.1889e-07  3.3040e-08  5.0351e-05 
 1.5800e+00  2.0014e-08  7.7445e-01  3.5051e-01  1.6459e-08  4.6079e-04  2.0010e-08  5.6876e-01  4.6498e-02  2.7841e-07  2.8852e-08  4.3460e-05 
 1.5900e+00  1.7411e-08  7.7445e-01  3.5303e-01  1.4039e-08  4.6457e-04  1.7407e-08  5.6876e-01  4.6419e-02  2.4312e-07  2.5201e-08  3.7500e-05 
 1.6000e+00  1.5137e-08  7.7445e-01  3.5555e-01  1.1970e-08  4.6830e-04  1.5133e-08  5.6876e-01  4.6351e-02  2.1234e-07  2.2016e-08  3.2344e-05 
 1.6100e+00  1.3151e-08  7.7445e-01  3.5807e-01  1.0199e-08  4.7198e-04  1.3147e-08  5.6876e-01  4.6290e-02  1.8546e-07  1.9236e-08  2.7881e-05 
 1.6200e+00  1.1417e-08  7.7445e-01  3.6058e-01  8.6842e-09  4.7563e-04  1.1413e-08  5.6876e-01  4.6238e-02  1.6199e-07  1.6808e-08  2.4019e-05 
 1.6300e+00  9.9018e-09  7.7445e-01  3.6309e-01  7.3881e-09  4.7923e-04  9.8977e-09  5.6876e-01  4.6191e-02  1.4148e-07  1.4687e-08  2.0675e-05 
 1.6400e+00  8.5787e-09  7.7445e-01  3.6560e-01  6.2794e-09  4.8278e-04  8.5746e-09  5.6876e-01  4.6151e-02  1.2355e-07  1.2832e-08  1.7781e-05 
 1.6500e+00  7.4233e-09  7.7445e-01  3.6810e-01  5.3310e-09  4.8630e-04  7.4192e-09  5.6875e-01  4.6116e-02  1.0787e-07  1.1209e-08  1.5275e-05 
 1.6600e+00  6.4148e-09  7.7445e-01  3.7060e-01  4.5201e-09  4.8977e-04  6.4107e-09  5.6875e-01  4.6085e-02  9.4147e-08  9.7888e-09  1.3106e-05 
 1.6700e+00  5.5348e-09  7.7445e-01  3.7310e-01  3.8269e-09  4.9321e-04  5.5307e-09  5.6875e-01  4.6058e-02  8.2132e-08  8.5451e-09  1.1230e-05 
 1.6800e+00  4.7673e-09  7.7445e-01  3.7560e-01  3.2347e-09  4.9660e-04  4.7631e-09  5.6875e-01  4.6034e-02  7.1607e-08  7.4553e-09  9.6063e-06 
 1.6900e+00  4.0984e-09  7.7445e-01  3.7810e-01  2.7291e-09  4.9995e-04  4.0942e-09  5.6875e-01  4.6014e-02  6.2383e-08  6.5000e-09  8.2031e-06 
 1.7000e+00  3.5159e-09  7.7445e-01  3.8060e-01  2.2979e-09  5.0326e-04  3.5117e-09  5.6875e-01  4.5996e-02  5.4296e-08  5.6619e-09  6.9910e-06 
 1.7100e+00  3.0092e-09  7.7445e-01  3.8309e-01  1.9304e-09  5.0653e-04  3.0050e-09  5.6875e-01  4.5980e-02  4.7202e-08  4.9264e-09  5.9449e-06 
 1.7200e+00  2.5690e-09  7.7445e-01  3.8559e-01  1.6177e-09  5.0976e-04  2.5648e-09  5.6875e-01  4.5967e-02  4.0977e-08  4.2806e-09  5.0431e-06 
 1.7300e+00  2.1872e-09  7.7445e-01  3.8808e-01  1.3520e-09  5.1295e-04  2.1829e-09  5.6875e-01  4.5955e-02  3.5513e-08  3.7134e-09  4.2669e-06 
 1.7400e+00  1.8566e-09  7.7445e-01  3.9058e-01  1.1267e-09  5.1610e-04  1.8523e-09  5.6875e-01  4.5945e-02  3.0717e-08  3.2151e-09  3.5998e-06 
 1.7500e+00  1.5709e-09  7.7445e-01  3.9307e-01  9.3596e-10  5.1922e-04  1.5666e-09  5.6875e-01  4.5936e-02  2.6508e-08  2.7774e-09  3.0277e-06 
 1.7600e+00  1.3247e-09  7.7445e-01  3.9557e-01  7.7494e-10  5.2229e-04  1.3204e-09  5.6875e-01  4.5928e-02  2.2816e-08  2.3930e-09  2.5382e-06 
 1.7700e+00  1.1132e-09  7.7445e-01  3.9807e-01  6.3937e-10  5.2533e-04  1.1088e-09  5.6875e-01  4.5922e-02  1.9579e-08  2.0556e-09  2.1205e-06 
 1.7800e+00  9.3189e-10  7.7445e-01  4.0056e-01  5.2558e-10  5.2833e-04  9.2749e-10  5.6875e-01  4.5916e-02  1.6745e-08  1.7600e-09  1.7651e-06 
 1.7900e+00  7.7714e-10  7.7445e-01  4.0306e-01  4.3040e-10  5.3129e-04  7.7270e-10  5.6875e-01  4.5911e-02  1.4269e-08  1.5013e-09  1.4638e-06 
 1.8000e+00  6.4553e-10  7.7445e-01  4.0556e-01  3.5108e-10  5.3421e-04  6.4105e-10  5.6875e-01  4.5907e-02  1.2110e-08  1.2755e-09  1.2093e-06 
